 time            v(NIN)          v(NSKOUT)      
 0.00000000e+00  0.00000000e+00 -1.01249157e-04 
 5.00000000e-09  2.01061928e-03 -1.01236548e-04 
 1.00000000e-08  4.02123843e-03 -1.01195123e-04 
 2.00000000e-08  8.04247584e-03 -1.01024781e-04 
 4.00000000e-08  1.60849435e-02 -9.99480928e-05 
 8.00000000e-08  3.21698221e-02 -9.47051982e-05 
 1.60000000e-07  6.43391239e-02 -7.97536633e-05 
 2.78183920e-07  1.11860746e-01 -6.49470974e-05 
 4.57569523e-07  1.83983401e-01 -6.07984980e-05 
 8.16340730e-07  3.28177971e-01 -5.84152159e-05 
 1.31634073e-06  5.28945863e-01 -3.83587885e-05 
 1.81634073e-06  7.29379662e-01  7.12247294e-06 
 2.31634073e-06  9.29352768e-01  9.02910101e-05 
 2.81634073e-06  1.12873888e+00  2.20323589e-04 
 3.31634073e-06  1.32741205e+00  4.07452792e-04 
 3.81634073e-06  1.52524680e+00  6.60509791e-04 
 4.31634073e-06  1.72211817e+00  9.88393549e-04 
 4.81634073e-06  1.91790181e+00  1.39923631e-03 
 5.31634073e-06  2.11247407e+00  1.90089523e-03 
 5.81634073e-06  2.30571204e+00  2.50069786e-03 
 6.31634073e-06  2.49749368e+00  3.20559297e-03 
 6.81634073e-06  2.68769784e+00  4.02209085e-03 
 7.31634073e-06  2.87620440e+00  4.95630405e-03 
 7.81634073e-06  3.06289429e+00  6.01394629e-03 
 8.31634073e-06  3.24764958e+00  7.20034228e-03 
 8.81634073e-06  3.43035359e+00  8.52044037e-03 
 9.31634073e-06  3.61089092e+00  9.97881634e-03 
 9.81634073e-06  3.78914753e+00  1.15796867e-02 
 1.03163407e-05  3.96501083e+00  1.33269129e-02 
 1.08163407e-05  4.13836975e+00  1.52240127e-02 
 1.13163407e-05  4.30911478e+00  1.72741657e-02 
 1.18163407e-05  4.47713809e+00  1.94802224e-02 
 1.23163407e-05  4.64233353e+00  2.18447113e-02 
 1.28163407e-05  4.80459679e+00  2.43698464e-02 
 1.33163407e-05  4.96382535e+00  2.70575345e-02 
 1.38163407e-05  5.11991866e+00  2.99093820e-02 
 1.43163407e-05  5.27277811e+00  3.29267022e-02 
 1.48163407e-05  5.42230717e+00  3.61105222e-02 
 1.53163407e-05  5.56841138e+00  3.94615893e-02 
 1.58163407e-05  5.71099846e+00  4.29803778e-02 
 1.63163407e-05  5.84997835e+00  4.66670957e-02 
 1.68163407e-05  5.98526328e+00  5.05216908e-02 
 1.73163407e-05  6.11676778e+00  5.45438575e-02 
 1.78163407e-05  6.24440880e+00  5.87330421e-02 
 1.83163407e-05  6.36810572e+00  6.30884504e-02 
 1.88163407e-05  6.48778040e+00  6.76090523e-02 
 1.93163407e-05  6.60335726e+00  7.22935891e-02 
 1.98163407e-05  6.71476331e+00  7.71405784e-02 
 2.03163407e-05  6.82192816e+00  8.21483211e-02 
 2.08163407e-05  6.92478414e+00  8.73149061e-02 
 2.13163407e-05  7.02326627e+00  9.26382170e-02 
 2.18163407e-05  7.11731236e+00  9.81159372e-02 
 2.23163407e-05  7.20686301e+00  1.03745556e-01 
 2.28163407e-05  7.29186164e+00  1.09524375e-01 
 2.33163407e-05  7.37225458e+00  1.15449511e-01 
 2.38163407e-05  7.44799104e+00  1.21517905e-01 
 2.43163407e-05  7.51902319e+00  1.27726327e-01 
 2.48163407e-05  7.58530617e+00  1.34071377e-01 
 2.53163407e-05  7.64679811e+00  1.40549498e-01 
 2.58163407e-05  7.70346016e+00  1.47156977e-01 
 2.63163407e-05  7.75525654e+00  1.53889950e-01 
 2.68163407e-05  7.80215454e+00  1.60744407e-01 
 2.73163407e-05  7.84412453e+00  1.67716204e-01 
 2.78163407e-05  7.88114000e+00  1.74801057e-01 
 2.83163407e-05  7.91317757e+00  1.81994558e-01 
 2.88163407e-05  7.94021701e+00  1.89292173e-01 
 2.93163407e-05  7.96224124e+00  1.96689253e-01 
 2.98163407e-05  7.97923635e+00  2.04181033e-01 
 3.03163407e-05  7.99119160e+00  2.11762643e-01 
 3.08163407e-05  7.99809945e+00  2.19429109e-01 
 3.13163407e-05  7.99995552e+00  2.27175363e-01 
 3.18163407e-05  7.99675865e+00  2.34996241e-01 
 3.23163407e-05  7.98851085e+00  2.42886495e-01 
 3.28163407e-05  7.97521735e+00  2.50840795e-01 
 3.33163407e-05  7.95688652e+00  2.58853735e-01 
 3.38163407e-05  7.93352995e+00  2.66919835e-01 
 3.43163407e-05  7.90516239e+00  2.75033553e-01 
 3.48163407e-05  7.87180177e+00  2.83189283e-01 
 3.53163407e-05  7.83346914e+00  2.91381362e-01 
 3.58163407e-05  7.79018873e+00  2.99604077e-01 
 3.63163407e-05  7.74198787e+00  3.07851671e-01 
 3.68163407e-05  7.68889700e+00  3.16118341e-01 
 3.73163407e-05  7.63094967e+00  3.24398252e-01 
 3.78163407e-05  7.56818246e+00  3.32685534e-01 
 3.83163407e-05  7.50063502e+00  3.40974294e-01 
 3.88163407e-05  7.42835002e+00  3.49258615e-01 
 3.93163407e-05  7.35137312e+00  3.57532563e-01 
 3.98163407e-05  7.26975293e+00  3.65790193e-01 
 4.03163407e-05  7.18354101e+00  3.74025553e-01 
 4.08163407e-05  7.09279181e+00  3.82232687e-01 
 4.13163407e-05  6.99756265e+00  3.90405642e-01 
 4.18163407e-05  6.89791368e+00  3.98538470e-01 
 4.23163407e-05  6.79390784e+00  4.06625238e-01 
 4.28163407e-05  6.68561083e+00  4.14660026e-01 
 4.33163407e-05  6.57309104e+00  4.22636935e-01 
 4.38163407e-05  6.45641954e+00  4.30550091e-01 
 4.43163407e-05  6.33567003e+00  4.38393649e-01 
 4.48163407e-05  6.21091878e+00  4.46161799e-01 
 4.53163407e-05  6.08224457e+00  4.53848767e-01 
 4.58163407e-05  5.94972869e+00  4.61448823e-01 
 4.63163407e-05  5.81345484e+00  4.68956283e-01 
 4.68163407e-05  5.67350908e+00  4.76365514e-01 
 4.73163407e-05  5.52997981e+00  4.83670937e-01 
 4.78163407e-05  5.38295769e+00  4.90867032e-01 
 4.83163407e-05  5.23253557e+00  4.97948344e-01 
 4.88163407e-05  5.07880848e+00  5.04909481e-01 
 4.93163407e-05  4.92187350e+00  5.11745126e-01 
 4.98163407e-05  4.76182975e+00  5.18450033e-01 
 5.03163407e-05  4.59877834e+00  5.25019036e-01 
 5.08163407e-05  4.43282224e+00  5.31447051e-01 
 5.13163407e-05  4.26406627e+00  5.37729078e-01 
 5.18163407e-05  4.09261703e+00  5.43860209e-01 
 5.23163407e-05  3.91858280e+00  5.49835625e-01 
 5.28163407e-05  3.74207351e+00  5.55650607e-01 
 5.33163407e-05  3.56320065e+00  5.61300530e-01 
 5.38163407e-05  3.38207720e+00  5.66780877e-01 
 5.43163407e-05  3.19881755e+00  5.72087233e-01 
 5.48163407e-05  3.01353746e+00  5.77215294e-01 
 5.53163407e-05  2.82635395e+00  5.82160865e-01 
 5.58163407e-05  2.63738526e+00  5.86919868e-01 
 5.63163407e-05  2.44675074e+00  5.91488341e-01 
 5.68163407e-05  2.25457080e+00  5.95862444e-01 
 5.73163407e-05  2.06096683e+00  6.00038459e-01 
 5.78163407e-05  1.86606110e+00  6.04012792e-01 
 5.83163407e-05  1.66997673e+00  6.07781979e-01 
 5.88163407e-05  1.47283757e+00  6.11342686e-01 
 5.93163407e-05  1.27476813e+00  6.14691710e-01 
 5.98163407e-05  1.07589352e+00  6.17825984e-01 
 6.03163407e-05  8.76339350e-01  6.20742579e-01 
 6.08163407e-05  6.76231668e-01  6.23438703e-01 
 6.13163407e-05  4.75696864e-01  6.25911705e-01 
 6.18163407e-05  2.74861599e-01  6.28159079e-01 
 6.23163407e-05  7.38527255e-02  6.30178461e-01 
 6.28163407e-05 -1.27202795e-01  6.31967634e-01 
 6.33163407e-05 -3.28177971e-01  6.33524528e-01 
 6.38163407e-05 -5.28945863e-01  6.34847223e-01 
 6.43163407e-05 -7.29379662e-01  6.35933949e-01 
 6.48163407e-05 -9.29352768e-01  6.36783087e-01 
 6.53163407e-05 -1.12873888e+00  6.37393171e-01 
 6.58163407e-05 -1.32741205e+00  6.37762890e-01 
 6.63163407e-05 -1.52524680e+00  6.37891086e-01 
 6.68163407e-05 -1.72211817e+00  6.37776756e-01 
 6.73163407e-05 -1.91790181e+00  6.37419056e-01 
 6.78163407e-05 -2.11247407e+00  6.36817297e-01 
 6.83163407e-05 -2.30571204e+00  6.35970946e-01 
 6.88163407e-05 -2.49749368e+00  6.34879630e-01 
 6.93163407e-05 -2.68769784e+00  6.33543133e-01 
 6.98163407e-05 -2.87620440e+00  6.31961398e-01 
 7.03163407e-05 -3.06289429e+00  6.30134526e-01 
 7.08163407e-05 -3.24764958e+00  6.28062776e-01 
 7.13163407e-05 -3.43035359e+00  6.25746565e-01 
 7.18163407e-05 -3.61089092e+00  6.23186468e-01 
 7.23163407e-05 -3.78914753e+00  6.20383220e-01 
 7.28163407e-05 -3.96501083e+00  6.17337709e-01 
 7.33163407e-05 -4.13836975e+00  6.14050985e-01 
 7.38163407e-05 -4.30911478e+00  6.10524249e-01 
 7.43163407e-05 -4.47713809e+00  6.06758862e-01 
 7.48163407e-05 -4.64233353e+00  6.02756335e-01 
 7.53163407e-05 -4.80459679e+00  5.98518337e-01 
 7.58163407e-05 -4.96382535e+00  5.94046686e-01 
 7.63163407e-05 -5.11991866e+00  5.89343355e-01 
 7.68163407e-05 -5.27277811e+00  5.84410465e-01 
 7.73163407e-05 -5.42230717e+00  5.79250286e-01 
 7.78163407e-05 -5.56841138e+00  5.73865237e-01 
 7.83163407e-05 -5.71099846e+00  5.68257881e-01 
 7.88163407e-05 -5.84997835e+00  5.62430928e-01 
 7.93163407e-05 -5.98526328e+00  5.56387228e-01 
 7.98163407e-05 -6.11676778e+00  5.50129775e-01 
 8.03163407e-05 -6.24440880e+00  5.43661699e-01 
 8.08163407e-05 -6.36810572e+00  5.36986269e-01 
 8.13163407e-05 -6.48778040e+00  5.30106889e-01 
 8.18163407e-05 -6.60335726e+00  5.23027095e-01 
 8.23163407e-05 -6.71476331e+00  5.15750555e-01 
 8.28163407e-05 -6.82192816e+00  5.08281064e-01 
 8.33163407e-05 -6.92478414e+00  5.00622545e-01 
 8.38163407e-05 -7.02326627e+00  4.92779041e-01 
 8.43163407e-05 -7.11731236e+00  4.84754720e-01 
 8.48163407e-05 -7.20686301e+00  4.76553865e-01 
 8.53163407e-05 -7.29186164e+00  4.68180877e-01 
 8.58163407e-05 -7.37225458e+00  4.59640269e-01 
 8.63163407e-05 -7.44799104e+00  4.50936663e-01 
 8.68163407e-05 -7.51902319e+00  4.42074789e-01 
 8.73163407e-05 -7.58530617e+00  4.33059481e-01 
 8.78163407e-05 -7.64679811e+00  4.23895675e-01 
 8.83163407e-05 -7.70346016e+00  4.14588403e-01 
 8.88163407e-05 -7.75525654e+00  4.05142792e-01 
 8.93163407e-05 -7.80215454e+00  3.95564062e-01 
 8.98163407e-05 -7.84412453e+00  3.85857520e-01 
 9.03163407e-05 -7.88114000e+00  3.76028557e-01 
 9.08163407e-05 -7.91317757e+00  3.66082648e-01 
 9.13163407e-05 -7.94021701e+00  3.56025342e-01 
 9.18163407e-05 -7.96224124e+00  3.45862266e-01 
 9.23163407e-05 -7.97923635e+00  3.35599117e-01 
 9.28163407e-05 -7.99119160e+00  3.25241658e-01 
 9.33163407e-05 -7.99809945e+00  3.14795717e-01 
 9.38163407e-05 -7.99995552e+00  3.04267181e-01 
 9.43163407e-05 -7.99675865e+00  2.93661993e-01 
 9.48163407e-05 -7.98851085e+00  2.82986151e-01 
 9.53163407e-05 -7.97521735e+00  2.72245697e-01 
 9.58163407e-05 -7.95688652e+00  2.61446724e-01 
 9.63163407e-05 -7.93352995e+00  2.50595360e-01 
 9.68163407e-05 -7.90516239e+00  2.39697773e-01 
 9.73163407e-05 -7.87180177e+00  2.28760166e-01 
 9.78163407e-05 -7.83346914e+00  2.17788767e-01 
 9.83163407e-05 -7.79018873e+00  2.06789834e-01 
 9.88163407e-05 -7.74198787e+00  1.95769642e-01 
 9.93163407e-05 -7.68889700e+00  1.84734487e-01 
 9.98163407e-05 -7.63094967e+00  1.73690676e-01 
 1.00316341e-04 -7.56818246e+00  1.62644526e-01 
 1.00816341e-04 -7.50063502e+00  1.51602362e-01 
 1.01316341e-04 -7.42835002e+00  1.40570506e-01 
 1.01816341e-04 -7.35137312e+00  1.29555281e-01 
 1.02316341e-04 -7.26975293e+00  1.18563000e-01 
 1.02816341e-04 -7.18354101e+00  1.07599970e-01 
 1.03316341e-04 -7.09279181e+00  9.66724782e-02 
 1.03816341e-04 -6.99756265e+00  8.57867969e-02 
 1.04316341e-04 -6.89791368e+00  7.49491740e-02 
 1.04816341e-04 -6.79390784e+00  6.41658313e-02 
 1.05316341e-04 -6.68561083e+00  5.34429600e-02 
 1.05816341e-04 -6.57309104e+00  4.27867168e-02 
 1.06316341e-04 -6.45641954e+00  3.22032199e-02 
 1.06816341e-04 -6.33567003e+00  2.16985454e-02 
 1.07316341e-04 -6.21091878e+00  1.12787230e-02 
 1.07816341e-04 -6.08224457e+00  9.49732589e-04 
 1.08316341e-04 -5.94972869e+00 -9.28249981e-03 
 1.08816341e-04 -5.81345484e+00 -1.94121057e-02 
 1.09316341e-04 -5.67350908e+00 -2.94332779e-02 
 1.09816341e-04 -5.52997981e+00 -3.93402741e-02 
 1.10316341e-04 -5.38295769e+00 -4.91274207e-02 
 1.10816341e-04 -5.23253557e+00 -5.87891163e-02 
 1.11316341e-04 -5.07880848e+00 -6.83198353e-02 
 1.11816341e-04 -4.92187350e+00 -7.77141313e-02 
 1.12316341e-04 -4.76182975e+00 -8.69666408e-02 
 1.12816341e-04 -4.59877834e+00 -9.60720864e-02 
 1.13316341e-04 -4.43282224e+00 -1.05025280e-01 
 1.13816341e-04 -4.26406627e+00 -1.13821127e-01 
 1.14316341e-04 -4.09261703e+00 -1.22454627e-01 
 1.14816341e-04 -3.91858280e+00 -1.30920882e-01 
 1.15316341e-04 -3.74207351e+00 -1.39215094e-01 
 1.15816341e-04 -3.56320065e+00 -1.47332569e-01 
 1.16316341e-04 -3.38207720e+00 -1.55268726e-01 
 1.16816341e-04 -3.19881755e+00 -1.63019091e-01 
 1.17316341e-04 -3.01353746e+00 -1.70579306e-01 
 1.17816341e-04 -2.82635395e+00 -1.77945129e-01 
 1.18316341e-04 -2.63738526e+00 -1.85112438e-01 
 1.18816341e-04 -2.44675074e+00 -1.92077235e-01 
 1.19316341e-04 -2.25457080e+00 -1.98835643e-01 
 1.19816341e-04 -2.06096683e+00 -2.05383915e-01 
 1.20316341e-04 -1.86606110e+00 -2.11718434e-01 
 1.20816341e-04 -1.66997673e+00 -2.17835712e-01 
 1.21316341e-04 -1.47283757e+00 -2.23732399e-01 
 1.21816341e-04 -1.27476813e+00 -2.29405277e-01 
 1.22316341e-04 -1.07589352e+00 -2.34851269e-01 
 1.22816341e-04 -8.76339350e-01 -2.40067439e-01 
 1.23316341e-04 -6.76231668e-01 -2.45050991e-01 
 1.23816341e-04 -4.75696864e-01 -2.49799274e-01 
 1.24316341e-04 -2.74861599e-01 -2.54309782e-01 
 1.24816341e-04 -7.38527255e-02 -2.58580157e-01 
 1.25316341e-04  1.27202795e-01 -2.62608189e-01 
 1.25816341e-04  3.28177971e-01 -2.66391819e-01 
 1.26316341e-04  5.28945863e-01 -2.69929138e-01 
 1.26816341e-04  7.29379662e-01 -2.73218392e-01 
 1.27316341e-04  9.29352768e-01 -2.76257978e-01 
 1.27816341e-04  1.12873888e+00 -2.79046450e-01 
 1.28316341e-04  1.32741205e+00 -2.81582516e-01 
 1.28816341e-04  1.52524680e+00 -2.83865043e-01 
 1.29316341e-04  1.72211817e+00 -2.85893053e-01 
 1.29816341e-04  1.91790181e+00 -2.87665726e-01 
 1.30316341e-04  2.11247407e+00 -2.89182402e-01 
 1.30816341e-04  2.30571204e+00 -2.90442580e-01 
 1.31316341e-04  2.49749368e+00 -2.91445916e-01 
 1.31816341e-04  2.68769784e+00 -2.92192227e-01 
 1.32316341e-04  2.87620440e+00 -2.92681490e-01 
 1.32816341e-04  3.06289429e+00 -2.92913842e-01 
 1.33316341e-04  3.24764958e+00 -2.92889576e-01 
 1.33816341e-04  3.43035359e+00 -2.92609150e-01 
 1.34316341e-04  3.61089092e+00 -2.92073176e-01 
 1.34816341e-04  3.78914753e+00 -2.91282428e-01 
 1.35316341e-04  3.96501083e+00 -2.90237837e-01 
 1.35816341e-04  4.13836975e+00 -2.88940492e-01 
 1.36316341e-04  4.30911478e+00 -2.87391638e-01 
 1.36816341e-04  4.47713809e+00 -2.85592679e-01 
 1.37316341e-04  4.64233353e+00 -2.83545171e-01 
 1.37816341e-04  4.80459679e+00 -2.81250826e-01 
 1.38316341e-04  4.96382535e+00 -2.78711510e-01 
 1.38816341e-04  5.11991866e+00 -2.75929240e-01 
 1.39316341e-04  5.27277811e+00 -2.72906184e-01 
 1.39816341e-04  5.42230717e+00 -2.69644661e-01 
 1.40316341e-04  5.56841138e+00 -2.66147136e-01 
 1.40816341e-04  5.71099846e+00 -2.62416223e-01 
 1.41316341e-04  5.84997835e+00 -2.58454678e-01 
 1.41816341e-04  5.98526328e+00 -2.54265403e-01 
 1.42316341e-04  6.11676778e+00 -2.49851439e-01 
 1.42816341e-04  6.24440880e+00 -2.45215968e-01 
 1.43316341e-04  6.36810572e+00 -2.40362309e-01 
 1.43816341e-04  6.48778040e+00 -2.35293916e-01 
 1.44316341e-04  6.60335726e+00 -2.30014378e-01 
 1.44816341e-04  6.71476331e+00 -2.24527413e-01 
 1.45316341e-04  6.82192816e+00 -2.18836868e-01 
 1.45816341e-04  6.92478414e+00 -2.12946716e-01 
 1.46316341e-04  7.02326627e+00 -2.06861055e-01 
 1.46816341e-04  7.11731236e+00 -2.00584103e-01 
 1.47316341e-04  7.20686301e+00 -1.94120196e-01 
 1.47816341e-04  7.29186164e+00 -1.87473788e-01 
 1.48316341e-04  7.37225458e+00 -1.80649443e-01 
 1.48816341e-04  7.44799104e+00 -1.73651838e-01 
 1.49316341e-04  7.51902319e+00 -1.66485754e-01 
 1.49816341e-04  7.58530617e+00 -1.59156079e-01 
 1.50316341e-04  7.64679811e+00 -1.51667800e-01 
 1.50816341e-04  7.70346016e+00 -1.44026004e-01 
 1.51316341e-04  7.75525654e+00 -1.36235870e-01 
 1.51816341e-04  7.80215454e+00 -1.28302671e-01 
 1.52316341e-04  7.84412453e+00 -1.20231767e-01 
 1.52816341e-04  7.88114000e+00 -1.12028602e-01 
 1.53316341e-04  7.91317757e+00 -1.03698703e-01 
 1.53816341e-04  7.94021701e+00 -9.52476745e-02 
 1.54316341e-04  7.96224124e+00 -8.66811943e-02 
 1.54816341e-04  7.97923635e+00 -7.80050120e-02 
 1.55316341e-04  7.99119160e+00 -6.92249441e-02 
 1.55816341e-04  7.99809945e+00 -6.03468706e-02 
 1.56316341e-04  7.99995552e+00 -5.13767315e-02 
 1.56816341e-04  7.99675865e+00 -4.23205228e-02 
 1.57316341e-04  7.98851085e+00 -3.31842931e-02 
 1.57816341e-04  7.97521735e+00 -2.39741392e-02 
 1.58316341e-04  7.95688652e+00 -1.46962029e-02 
 1.58816341e-04  7.93352995e+00 -5.35666697e-03 
 1.59316341e-04  7.90516239e+00  4.03824902e-03 
 1.59816341e-04  7.87180177e+00  1.34822923e-02 
 1.60316341e-04  7.83346914e+00  2.29691810e-02 
 1.60816341e-04  7.79018873e+00  3.24926080e-02 
 1.61316341e-04  7.74198787e+00  4.20462448e-02 
 1.61816341e-04  7.68889700e+00  5.16237459e-02 
 1.62316341e-04  7.63094967e+00  6.12187524e-02 
 1.62816341e-04  7.56818246e+00  7.08248962e-02 
 1.63316341e-04  7.50063502e+00  8.04358038e-02 
 1.63816341e-04  7.42835002e+00  9.00451008e-02 
 1.64316341e-04  7.35137312e+00  9.96464152e-02 
 1.64816341e-04  7.26975293e+00  1.09233382e-01 
 1.65316341e-04  7.18354101e+00  1.18799648e-01 
 1.65816341e-04  7.09279181e+00  1.28338872e-01 
 1.66316341e-04  6.99756265e+00  1.37844735e-01 
 1.66816341e-04  6.89791368e+00  1.47310940e-01 
 1.67316341e-04  6.79390784e+00  1.56731214e-01 
 1.67816341e-04  6.68561083e+00  1.66099320e-01 
 1.68316341e-04  6.57309104e+00  1.75409050e-01 
 1.68816341e-04  6.45641954e+00  1.84654238e-01 
 1.69316341e-04  6.33567003e+00  1.93828760e-01 
 1.69816341e-04  6.21091878e+00  2.02926539e-01 
 1.70316341e-04  6.08224457e+00  2.11941547e-01 
 1.70816341e-04  5.94972869e+00  2.20867810e-01 
 1.71316341e-04  5.81345484e+00  2.29699411e-01 
 1.71816341e-04  5.67350908e+00  2.38430498e-01 
 1.72316341e-04  5.52997981e+00  2.47055281e-01 
 1.72816341e-04  5.38295769e+00  2.55568039e-01 
 1.73316341e-04  5.23253557e+00  2.63963125e-01 
 1.73816341e-04  5.07880848e+00  2.72234966e-01 
 1.74316341e-04  4.92187350e+00  2.80378071e-01 
 1.74816341e-04  4.76182975e+00  2.88387030e-01 
 1.75316341e-04  4.59877834e+00  2.96256520e-01 
 1.75816341e-04  4.43282224e+00  3.03981308e-01 
 1.76316341e-04  4.26406627e+00  3.11556254e-01 
 1.76816341e-04  4.09261703e+00  3.18976313e-01 
 1.77316341e-04  3.91858280e+00  3.26236542e-01 
 1.77816341e-04  3.74207351e+00  3.33332098e-01 
 1.78316341e-04  3.56320065e+00  3.40258246e-01 
 1.78816341e-04  3.38207720e+00  3.47010356e-01 
 1.79316341e-04  3.19881755e+00  3.53583914e-01 
 1.79816341e-04  3.01353746e+00  3.59974517e-01 
 1.80316341e-04  2.82635395e+00  3.66177881e-01 
 1.80816341e-04  2.63738526e+00  3.72189841e-01 
 1.81316341e-04  2.44675074e+00  3.78006353e-01 
 1.81816341e-04  2.25457080e+00  3.83623502e-01 
 1.82316341e-04  2.06096683e+00  3.89037496e-01 
 1.82816341e-04  1.86606110e+00  3.94244676e-01 
 1.83316341e-04  1.66997673e+00  3.99241514e-01 
 1.83816341e-04  1.47283757e+00  4.04024615e-01 
 1.84316341e-04  1.27476813e+00  4.08590723e-01 
 1.84816341e-04  1.07589352e+00  4.12936718e-01 
 1.85316341e-04  8.76339350e-01  4.17059623e-01 
 1.85816341e-04  6.76231668e-01  4.20956602e-01 
 1.86316341e-04  4.75696864e-01  4.24624963e-01 
 1.86816341e-04  2.74861599e-01  4.28062161e-01 
 1.87316341e-04  7.38527255e-02  4.31265796e-01 
 1.87816341e-04 -1.27202795e-01  4.34233620e-01 
 1.88316341e-04 -3.28177971e-01  4.36963532e-01 
 1.88816341e-04 -5.28945863e-01  4.39453587e-01 
 1.89316341e-04 -7.29379662e-01  4.41701989e-01 
 1.89816341e-04 -9.29352768e-01  4.43707098e-01 
 1.90316341e-04 -1.12873888e+00  4.45467427e-01 
 1.90816341e-04 -1.32741205e+00  4.46981649e-01 
 1.91316341e-04 -1.52524680e+00  4.48248589e-01 
 1.91816341e-04 -1.72211817e+00  4.49267233e-01 
 1.92316341e-04 -1.91790181e+00  4.50036723e-01 
 1.92816341e-04 -2.11247407e+00  4.50556362e-01 
 1.93316341e-04 -2.30571204e+00  4.50825610e-01 
 1.93816341e-04 -2.49749368e+00  4.50844087e-01 
 1.94316341e-04 -2.68769784e+00  4.50611573e-01 
 1.94816341e-04 -2.87620440e+00  4.50128009e-01 
 1.95316341e-04 -3.06289429e+00  4.49393492e-01 
 1.95816341e-04 -3.24764958e+00  4.48408284e-01 
 1.96316341e-04 -3.43035359e+00  4.47172802e-01 
 1.96816341e-04 -3.61089092e+00  4.45687626e-01 
 1.97316341e-04 -3.78914753e+00  4.43953492e-01 
 1.97816341e-04 -3.96501083e+00  4.41971296e-01 
 1.98316341e-04 -4.13836975e+00  4.39742092e-01 
 1.98816341e-04 -4.30911478e+00  4.37267091e-01 
 1.99316341e-04 -4.47713809e+00  4.34547660e-01 
 1.99816341e-04 -4.64233353e+00  4.31585321e-01 
 2.00316341e-04 -4.80459679e+00  4.28381753e-01 
 2.00816341e-04 -4.96382535e+00  4.24938786e-01 
 2.01316341e-04 -5.11991866e+00  4.21258405e-01 
 2.01816341e-04 -5.27277811e+00  4.17342743e-01 
 2.02316341e-04 -5.42230717e+00  4.13194084e-01 
 2.02816341e-04 -5.56841138e+00  4.08814863e-01 
 2.03316341e-04 -5.71099846e+00  4.04207657e-01 
 2.03816341e-04 -5.84997835e+00  3.99375191e-01 
 2.04316341e-04 -5.98526328e+00  3.94320334e-01 
 2.04816341e-04 -6.11676778e+00  3.89046094e-01 
 2.05316341e-04 -6.24440880e+00  3.83555622e-01 
 2.05816341e-04 -6.36810572e+00  3.77852203e-01 
 2.06316341e-04 -6.48778040e+00  3.71939261e-01 
 2.06816341e-04 -6.60335726e+00  3.65820350e-01 
 2.07316341e-04 -6.71476331e+00  3.59499159e-01 
 2.07816341e-04 -6.82192816e+00  3.52979502e-01 
 2.08316341e-04 -6.92478414e+00  3.46265322e-01 
 2.08816341e-04 -7.02326627e+00  3.39360685e-01 
 2.09316341e-04 -7.11731236e+00  3.32269778e-01 
 2.09816341e-04 -7.20686301e+00  3.24996908e-01 
 2.10316341e-04 -7.29186164e+00  3.17546496e-01 
 2.10816341e-04 -7.37225458e+00  3.09923078e-01 
 2.11316341e-04 -7.44799104e+00  3.02131298e-01 
 2.11816341e-04 -7.51902319e+00  2.94175910e-01 
 2.12316341e-04 -7.58530617e+00  2.86061770e-01 
 2.12816341e-04 -7.64679811e+00  2.77793837e-01 
 2.13316341e-04 -7.70346016e+00  2.69377167e-01 
 2.13816341e-04 -7.75525654e+00  2.60816912e-01 
 2.14316341e-04 -7.80215454e+00  2.52118313e-01 
 2.14816341e-04 -7.84412453e+00  2.43286703e-01 
 2.15316341e-04 -7.88114000e+00  2.34327498e-01 
 2.15816341e-04 -7.91317757e+00  2.25246194e-01 
 2.16316341e-04 -7.94021701e+00  2.16048369e-01 
 2.16816341e-04 -7.96224124e+00  2.06739671e-01 
 2.17316341e-04 -7.97923635e+00  1.97325824e-01 
 2.17816341e-04 -7.99119160e+00  1.87812614e-01 
 2.18316341e-04 -7.99809945e+00  1.78205895e-01 
 2.18816341e-04 -7.99995552e+00  1.68511578e-01 
 2.19316341e-04 -7.99675865e+00  1.58735634e-01 
 2.19816341e-04 -7.98851085e+00  1.48884082e-01 
 2.20316341e-04 -7.97521735e+00  1.38962993e-01 
 2.20816341e-04 -7.95688652e+00  1.28978482e-01 
 2.21316341e-04 -7.93352995e+00  1.18936704e-01 
 2.21816341e-04 -7.90516239e+00  1.08843853e-01 
 2.22316341e-04 -7.87180177e+00  9.87061548e-02 
 2.22816341e-04 -7.83346914e+00  8.85298657e-02 
 2.23316341e-04 -7.79018873e+00  7.83212664e-02 
 2.23816341e-04 -7.74198787e+00  6.80866594e-02 
 2.24316341e-04 -7.68889700e+00  5.78323646e-02 
 2.24816341e-04 -7.63094967e+00  4.75647153e-02 
 2.25316341e-04 -7.56818246e+00  3.72900542e-02 
 2.25816341e-04 -7.50063502e+00  2.70147293e-02 
 2.26316341e-04 -7.42835002e+00  1.67450901e-02 
 2.26816341e-04 -7.35137312e+00  6.48748351e-03 
 2.27316341e-04 -7.26975293e+00 -3.75175043e-03 
 2.27816341e-04 -7.18354101e+00 -1.39662822e-02 
 2.28316341e-04 -7.09279181e+00 -2.41497972e-02 
 2.28816341e-04 -6.99756265e+00 -3.42959991e-02 
 2.29316341e-04 -6.89791368e+00 -4.43986148e-02 
 2.29816341e-04 -6.79390784e+00 -5.44513974e-02 
 2.30316341e-04 -6.68561083e+00 -6.44481309e-02 
 2.30816341e-04 -6.57309104e+00 -7.43826338e-02 
 2.31316341e-04 -6.45641954e+00 -8.42487629e-02 
 2.31816341e-04 -6.33567003e+00 -9.40404177e-02 
 2.32316341e-04 -6.21091878e+00 -1.03751544e-01 
 2.32816341e-04 -6.08224457e+00 -1.13376136e-01 
 2.33316341e-04 -5.94972869e+00 -1.22908245e-01 
 2.33816341e-04 -5.81345484e+00 -1.32341977e-01 
 2.34316341e-04 -5.67350908e+00 -1.41671501e-01 
 2.34816341e-04 -5.52997981e+00 -1.50891050e-01 
 2.35316341e-04 -5.38295769e+00 -1.59994926e-01 
 2.35816341e-04 -5.23253557e+00 -1.68977504e-01 
 2.36316341e-04 -5.07880848e+00 -1.77833235e-01 
 2.36816341e-04 -4.92187350e+00 -1.86556647e-01 
 2.37316341e-04 -4.76182975e+00 -1.95142355e-01 
 2.37816341e-04 -4.59877834e+00 -2.03585055e-01 
 2.38316341e-04 -4.43282224e+00 -2.11879538e-01 
 2.38816341e-04 -4.26406627e+00 -2.20020684e-01 
 2.39316341e-04 -4.09261703e+00 -2.28003471e-01 
 2.39816341e-04 -3.91858280e+00 -2.35822976e-01 
 2.40316341e-04 -3.74207351e+00 -2.43474377e-01 
 2.40816341e-04 -3.56320065e+00 -2.50952961e-01 
 2.41316341e-04 -3.38207720e+00 -2.58254119e-01 
 2.41816341e-04 -3.19881755e+00 -2.65373356e-01 
 2.42316341e-04 -3.01353746e+00 -2.72306292e-01 
 2.42816341e-04 -2.82635395e+00 -2.79048662e-01 
 2.43316341e-04 -2.63738526e+00 -2.85596321e-01 
 2.43816341e-04 -2.44675074e+00 -2.91945248e-01 
 2.44316341e-04 -2.25457080e+00 -2.98091544e-01 
 2.44816341e-04 -2.06096683e+00 -3.04031441e-01 
 2.45316341e-04 -1.86606110e+00 -3.09761298e-01 
 2.45816341e-04 -1.66997673e+00 -3.15277606e-01 
 2.46316341e-04 -1.47283757e+00 -3.20576991e-01 
 2.46816341e-04 -1.27476813e+00 -3.25656216e-01 
 2.47316341e-04 -1.07589352e+00 -3.30512182e-01 
 2.47816341e-04 -8.76339350e-01 -3.35141929e-01 
 2.48316341e-04 -6.76231668e-01 -3.39542641e-01 
 2.48816341e-04 -4.75696864e-01 -3.43711645e-01 
 2.49316341e-04 -2.74861599e-01 -3.47646414e-01 
 2.49816341e-04 -7.38527255e-02 -3.51344570e-01 
 2.50316341e-04  1.27202795e-01 -3.54803880e-01 
 2.50816341e-04  3.28177971e-01 -3.58022265e-01 
 2.51316341e-04  5.28945863e-01 -3.60997795e-01 
 2.51816341e-04  7.29379662e-01 -3.63728695e-01 
 2.52316341e-04  9.29352768e-01 -3.66213342e-01 
 2.52816341e-04  1.12873888e+00 -3.68450268e-01 
 2.53316341e-04  1.32741205e+00 -3.70438163e-01 
 2.53816341e-04  1.52524680e+00 -3.72175871e-01 
 2.54316341e-04  1.72211817e+00 -3.73662395e-01 
 2.54816341e-04  1.91790181e+00 -3.74896896e-01 
 2.55316341e-04  2.11247407e+00 -3.75878692e-01 
 2.55816341e-04  2.30571204e+00 -3.76607263e-01 
 2.56316341e-04  2.49749368e+00 -3.77082246e-01 
 2.56816341e-04  2.68769784e+00 -3.77303437e-01 
 2.57316341e-04  2.87620440e+00 -3.77270794e-01 
 2.57816341e-04  3.06289429e+00 -3.76984434e-01 
 2.58316341e-04  3.24764958e+00 -3.76444633e-01 
 2.58816341e-04  3.43035359e+00 -3.75651827e-01 
 2.59316341e-04  3.61089092e+00 -3.74606610e-01 
 2.59816341e-04  3.78914753e+00 -3.73309737e-01 
 2.60316341e-04  3.96501083e+00 -3.71762120e-01 
 2.60816341e-04  4.13836975e+00 -3.69964829e-01 
 2.61316341e-04  4.30911478e+00 -3.67919092e-01 
 2.61816341e-04  4.47713809e+00 -3.65626291e-01 
 2.62316341e-04  4.64233353e+00 -3.63087966e-01 
 2.62816341e-04  4.80459679e+00 -3.60305811e-01 
 2.63316341e-04  4.96382535e+00 -3.57281672e-01 
 2.63816341e-04  5.11991866e+00 -3.54017549e-01 
 2.64316341e-04  5.27277811e+00 -3.50515592e-01 
 2.64816341e-04  5.42230717e+00 -3.46778101e-01 
 2.65316341e-04  5.56841138e+00 -3.42807525e-01 
 2.65816341e-04  5.71099846e+00 -3.38606458e-01 
 2.66316341e-04  5.84997835e+00 -3.34177640e-01 
 2.66816341e-04  5.98526328e+00 -3.29523954e-01 
 2.67316341e-04  6.11676778e+00 -3.24648425e-01 
 2.67816341e-04  6.24440880e+00 -3.19554218e-01 
 2.68316341e-04  6.36810572e+00 -3.14244634e-01 
 2.68816341e-04  6.48778040e+00 -3.08723110e-01 
 2.69316341e-04  6.60335726e+00 -3.02993217e-01 
 2.69816341e-04  6.71476331e+00 -2.97058656e-01 
 2.70316341e-04  6.82192816e+00 -2.90923259e-01 
 2.70816341e-04  6.92478414e+00 -2.84590982e-01 
 2.71316341e-04  7.02326627e+00 -2.78065905e-01 
 2.71816341e-04  7.11731236e+00 -2.71352230e-01 
 2.72316341e-04  7.20686301e+00 -2.64454277e-01 
 2.72816341e-04  7.29186164e+00 -2.57376483e-01 
 2.73316341e-04  7.37225458e+00 -2.50123397e-01 
 2.73816341e-04  7.44799104e+00 -2.42699678e-01 
 2.74316341e-04  7.51902319e+00 -2.35110092e-01 
 2.74816341e-04  7.58530617e+00 -2.27359512e-01 
 2.75316341e-04  7.64679811e+00 -2.19452908e-01 
 2.75816341e-04  7.70346016e+00 -2.11395350e-01 
 2.76316341e-04  7.75525654e+00 -2.03192004e-01 
 2.76816341e-04  7.80215454e+00 -1.94848126e-01 
 2.77316341e-04  7.84412453e+00 -1.86369060e-01 
 2.77816341e-04  7.88114000e+00 -1.77760237e-01 
 2.78316341e-04  7.91317757e+00 -1.69027166e-01 
 2.78816341e-04  7.94021701e+00 -1.60175437e-01 
 2.79316341e-04  7.96224124e+00 -1.51210713e-01 
 2.79816341e-04  7.97923635e+00 -1.42138729e-01 
 2.80316341e-04  7.99119160e+00 -1.32965286e-01 
 2.80816341e-04  7.99809945e+00 -1.23696249e-01 
 2.81316341e-04  7.99995552e+00 -1.14337544e-01 
 2.81816341e-04  7.99675865e+00 -1.04895151e-01 
 2.82316341e-04  7.98851085e+00 -9.53751057e-02 
 2.82816341e-04  7.97521735e+00 -8.57834894e-02 
 2.83316341e-04  7.95688652e+00 -7.61264298e-02 
 2.83816341e-04  7.93352995e+00 -6.64100952e-02 
 2.84316341e-04  7.90516239e+00 -5.66406911e-02 
 2.84816341e-04  7.87180177e+00 -4.68244559e-02 
 2.85316341e-04  7.83346914e+00 -3.69676577e-02 
 2.85816341e-04  7.79018873e+00 -2.70765895e-02 
 2.86316341e-04  7.74198787e+00 -1.71575658e-02 
 2.86816341e-04  7.68889700e+00 -7.21691855e-03 
 2.87316341e-04  7.63094967e+00  2.73900722e-03 
 2.87816341e-04  7.56818246e+00  1.27038570e-02 
 2.88316341e-04  7.50063502e+00  2.26712708e-02 
 2.88816341e-04  7.42835002e+00  3.26348878e-02 
 2.89316341e-04  7.35137312e+00  4.25883493e-02 
 2.89816341e-04  7.26975293e+00  5.25253039e-02 
 2.90316341e-04  7.18354101e+00  6.24394105e-02 
 2.90816341e-04  7.09279181e+00  7.23243431e-02 
 2.91316341e-04  6.99756265e+00  8.21737943e-02 
 2.91816341e-04  6.89791368e+00  9.19814794e-02 
 2.92316341e-04  6.79390784e+00  1.01741141e-01 
 2.92816341e-04  6.68561083e+00  1.11446551e-01 
 2.93316341e-04  6.57309104e+00  1.21091517e-01 
 2.93816341e-04  6.45641954e+00  1.30669886e-01 
 2.94316341e-04  6.33567003e+00  1.40175546e-01 
 2.94816341e-04  6.21091878e+00  1.49602431e-01 
 2.95316341e-04  6.08224457e+00  1.58944526e-01 
 2.95816341e-04  5.94972869e+00  1.68195871e-01 
 2.96316341e-04  5.81345484e+00  1.77350561e-01 
 2.96816341e-04  5.67350908e+00  1.86402754e-01 
 2.97316341e-04  5.52997981e+00  1.95346674e-01 
 2.97816341e-04  5.38295769e+00  2.04176612e-01 
 2.98316341e-04  5.23253557e+00  2.12886932e-01 
 2.98816341e-04  5.07880848e+00  2.21472074e-01 
 2.99316341e-04  4.92187350e+00  2.29926559e-01 
 2.99816341e-04  4.76182975e+00  2.38244987e-01 
 3.00316341e-04  4.59877834e+00  2.46422049e-01 
 3.00816341e-04  4.43282224e+00  2.54452522e-01 
 3.01316341e-04  4.26406627e+00  2.62331278e-01 
 3.01816341e-04  4.09261703e+00  2.70053284e-01 
 3.02316341e-04  3.91858280e+00  2.77613608e-01 
 3.02816341e-04  3.74207351e+00  2.85007418e-01 
 3.03316341e-04  3.56320065e+00  2.92229991e-01 
 3.03816341e-04  3.38207720e+00  2.99276708e-01 
 3.04316341e-04  3.19881755e+00  3.06143066e-01 
 3.04816341e-04  3.01353746e+00  3.12824673e-01 
 3.05316341e-04  2.82635395e+00  3.19317255e-01 
 3.05816341e-04  2.63738526e+00  3.25616660e-01 
 3.06316341e-04  2.44675074e+00  3.31718855e-01 
 3.06816341e-04  2.25457080e+00  3.37619933e-01 
 3.07316341e-04  2.06096683e+00  3.43316116e-01 
 3.07816341e-04  1.86606110e+00  3.48803753e-01 
 3.08316341e-04  1.66997673e+00  3.54079328e-01 
 3.08816341e-04  1.47283757e+00  3.59139456e-01 
 3.09316341e-04  1.27476813e+00  3.63980892e-01 
 3.09816341e-04  1.07589352e+00  3.68600527e-01 
 3.10316341e-04  8.76339350e-01  3.72995393e-01 
 3.10816341e-04  6.76231668e-01  3.77162665e-01 
 3.11316341e-04  4.75696864e-01  3.81099661e-01 
 3.11816341e-04  2.74861599e-01  3.84803846e-01 
 3.12316341e-04  7.38527255e-02  3.88272831e-01 
 3.12816341e-04 -1.27202795e-01  3.91504376e-01 
 3.13316341e-04 -3.28177971e-01  3.94496394e-01 
 3.13816341e-04 -5.28945863e-01  3.97246945e-01 
 3.14316341e-04 -7.29379662e-01  3.99754246e-01 
 3.14816341e-04 -9.29352768e-01  4.02016665e-01 
 3.15316341e-04 -1.12873888e+00  4.04032727e-01 
 3.15816341e-04 -1.32741205e+00  4.05801112e-01 
 3.16316341e-04 -1.52524680e+00  4.07320658e-01 
 3.16816341e-04 -1.72211817e+00  4.08590357e-01 
 3.17316341e-04 -1.91790181e+00  4.09609363e-01 
 3.17816341e-04 -2.11247407e+00  4.10376987e-01 
 3.18316341e-04 -2.30571204e+00  4.10892698e-01 
 3.18816341e-04 -2.49749368e+00  4.11156128e-01 
 3.19316341e-04 -2.68769784e+00  4.11167063e-01 
 3.19816341e-04 -2.87620440e+00  4.10925455e-01 
 3.20316341e-04 -3.06289429e+00  4.10431411e-01 
 3.20816341e-04 -3.24764958e+00  4.09685200e-01 
 3.21316341e-04 -3.43035359e+00  4.08687249e-01 
 3.21816341e-04 -3.61089092e+00  4.07438147e-01 
 3.22316341e-04 -3.78914753e+00  4.05938639e-01 
 3.22816341e-04 -3.96501083e+00  4.04189630e-01 
 3.23316341e-04 -4.13836975e+00  4.02192183e-01 
 3.23816341e-04 -4.30911478e+00  3.99947516e-01 
 3.24316341e-04 -4.47713809e+00  3.97457007e-01 
 3.24816341e-04 -4.64233353e+00  3.94722186e-01 
 3.25316341e-04 -4.80459679e+00  3.91744741e-01 
 3.25816341e-04 -4.96382535e+00  3.88526509e-01 
 3.26316341e-04 -5.11991866e+00  3.85069484e-01 
 3.26816341e-04 -5.27277811e+00  3.81375809e-01 
 3.27316341e-04 -5.42230717e+00  3.77447775e-01 
 3.27816341e-04 -5.56841138e+00  3.73287825e-01 
 3.28316341e-04 -5.71099846e+00  3.68898546e-01 
 3.28816341e-04 -5.84997835e+00  3.64282670e-01 
 3.29316341e-04 -5.98526328e+00  3.59443074e-01 
 3.29816341e-04 -6.11676778e+00  3.54382776e-01 
 3.30316341e-04 -6.24440880e+00  3.49104932e-01 
 3.30816341e-04 -6.36810572e+00  3.43612838e-01 
 3.31316341e-04 -6.48778040e+00  3.37909923e-01 
 3.31816341e-04 -6.60335726e+00  3.31999753e-01 
 3.32316341e-04 -6.71476331e+00  3.25886020e-01 
 3.32816341e-04 -6.82192816e+00  3.19572550e-01 
 3.33316341e-04 -6.92478414e+00  3.13063292e-01 
 3.33816341e-04 -7.02326627e+00  3.06362320e-01 
 3.34316341e-04 -7.11731236e+00  2.99473830e-01 
 3.34816341e-04 -7.20686301e+00  2.92402133e-01 
 3.35316341e-04 -7.29186164e+00  2.85151661e-01 
 3.35816341e-04 -7.37225458e+00  2.77726957e-01 
 3.36316341e-04 -7.44799104e+00  2.70132672e-01 
 3.36816341e-04 -7.51902319e+00  2.62373567e-01 
 3.37316341e-04 -7.58530617e+00  2.54454506e-01 
 3.37816341e-04 -7.64679811e+00  2.46380456e-01 
 3.38316341e-04 -7.70346016e+00  2.38156480e-01 
 3.38816341e-04 -7.75525654e+00  2.29787735e-01 
 3.39316341e-04 -7.80215454e+00  2.21279473e-01 
 3.39816341e-04 -7.84412453e+00  2.12637032e-01 
 3.40316341e-04 -7.88114000e+00  2.03865835e-01 
 3.40816341e-04 -7.91317757e+00  1.94971387e-01 
 3.41316341e-04 -7.94021701e+00  1.85959271e-01 
 3.41816341e-04 -7.96224124e+00  1.76835144e-01 
 3.42316341e-04 -7.97923635e+00  1.67604734e-01 
 3.42816341e-04 -7.99119160e+00  1.58273837e-01 
 3.43316341e-04 -7.99809945e+00  1.48848312e-01 
 3.43816341e-04 -7.99995552e+00  1.39334079e-01 
 3.44316341e-04 -7.99675865e+00  1.29737112e-01 
 3.44816341e-04 -7.98851085e+00  1.20063441e-01 
 3.45316341e-04 -7.97521735e+00  1.10319141e-01 
 3.45816341e-04 -7.95688652e+00  1.00510335e-01 
 3.46316341e-04 -7.93352995e+00  9.06431840e-02 
 3.46816341e-04 -7.90516239e+00  8.07238889e-02 
 3.47316341e-04 -7.87180177e+00  7.07586822e-02 
 3.47816341e-04 -7.83346914e+00  6.07538263e-02 
 3.48316341e-04 -7.79018873e+00  5.07156086e-02 
 3.48816341e-04 -7.74198787e+00  4.06503380e-02 
 3.49316341e-04 -7.68889700e+00  3.05643410e-02 
 3.49816341e-04 -7.63094967e+00  2.04639570e-02 
 3.50316341e-04 -7.56818246e+00  1.03555352e-02 
 3.50816341e-04 -7.50063502e+00  2.45429945e-04 
 3.51316341e-04 -7.42835002e+00 -9.86000307e-03 
 3.51816341e-04 -7.35137312e+00 -1.99544108e-02 
 3.52316341e-04 -7.26975293e+00 -3.00314469e-02 
 3.52816341e-04 -7.18354101e+00 -4.00847759e-02 
 3.53316341e-04 -7.09279181e+00 -5.01080767e-02 
 3.53816341e-04 -6.99756265e+00 -6.00950474e-02 
 3.54316341e-04 -6.89791368e+00 -7.00394086e-02 
 3.54816341e-04 -6.79390784e+00 -7.99349074e-02 
 3.55316341e-04 -6.68561083e+00 -8.97753219e-02 
 3.55816341e-04 -6.57309104e+00 -9.95544647e-02 
 3.56316341e-04 -6.45641954e+00 -1.09266187e-01 
 3.56816341e-04 -6.33567003e+00 -1.18904382e-01 
 3.57316341e-04 -6.21091878e+00 -1.28462989e-01 
 3.57816341e-04 -6.08224457e+00 -1.37935998e-01 
 3.58316341e-04 -5.94972869e+00 -1.47317454e-01 
 3.58816341e-04 -5.81345484e+00 -1.56601457e-01 
 3.59316341e-04 -5.67350908e+00 -1.65782170e-01 
 3.59816341e-04 -5.52997981e+00 -1.74853821e-01 
 3.60316341e-04 -5.38295769e+00 -1.83810707e-01 
 3.60816341e-04 -5.23253557e+00 -1.92647196e-01 
 3.61316341e-04 -5.07880848e+00 -2.01357734e-01 
 3.61816341e-04 -4.92187350e+00 -2.09936844e-01 
 3.62316341e-04 -4.76182975e+00 -2.18379134e-01 
 3.62816341e-04 -4.59877834e+00 -2.26679298e-01 
 3.63316341e-04 -4.43282224e+00 -2.34832118e-01 
 3.63816341e-04 -4.26406627e+00 -2.42832470e-01 
 3.64316341e-04 -4.09261703e+00 -2.50675326e-01 
 3.64816341e-04 -3.91858280e+00 -2.58355759e-01 
 3.65316341e-04 -3.74207351e+00 -2.65868942e-01 
 3.65816341e-04 -3.56320065e+00 -2.73210154e-01 
 3.66316341e-04 -3.38207720e+00 -2.80374783e-01 
 3.66816341e-04 -3.19881755e+00 -2.87358330e-01 
 3.67316341e-04 -3.01353746e+00 -2.94156407e-01 
 3.67816341e-04 -2.82635395e+00 -3.00764746e-01 
 3.68316341e-04 -2.63738526e+00 -3.07179196e-01 
 3.68816341e-04 -2.44675074e+00 -3.13395730e-01 
 3.69316341e-04 -2.25457080e+00 -3.19410447e-01 
 3.69816341e-04 -2.06096683e+00 -3.25219571e-01 
 3.70316341e-04 -1.86606110e+00 -3.30819457e-01 
 3.70816341e-04 -1.66997673e+00 -3.36206592e-01 
 3.71316341e-04 -1.47283757e+00 -3.41377596e-01 
 3.71816341e-04 -1.27476813e+00 -3.46329228e-01 
 3.72316341e-04 -1.07589352e+00 -3.51058382e-01 
 3.72816341e-04 -8.76339350e-01 -3.55562097e-01 
 3.73316341e-04 -6.76231668e-01 -3.59837549e-01 
 3.73816341e-04 -4.75696864e-01 -3.63882061e-01 
 3.74316341e-04 -2.74861599e-01 -3.67693103e-01 
 3.74816341e-04 -7.38527255e-02 -3.71268289e-01 
 3.75316341e-04  1.27202795e-01 -3.74605385e-01 
 3.75816341e-04  3.28177971e-01 -3.77702305e-01 
 3.76316341e-04  5.28945863e-01 -3.80557116e-01 
 3.76816341e-04  7.29379662e-01 -3.83168036e-01 
 3.77316341e-04  9.29352768e-01 -3.85533439e-01 
 3.77816341e-04  1.12873888e+00 -3.87651854e-01 
 3.78316341e-04  1.32741205e+00 -3.89521964e-01 
 3.78816341e-04  1.52524680e+00 -3.91142609e-01 
 3.79316341e-04  1.72211817e+00 -3.92512789e-01 
 3.79816341e-04  1.91790181e+00 -3.93631659e-01 
 3.80316341e-04  2.11247407e+00 -3.94498534e-01 
 3.80816341e-04  2.30571204e+00 -3.95112888e-01 
 3.81316341e-04  2.49749368e+00 -3.95474355e-01 
 3.81816341e-04  2.68769784e+00 -3.95582727e-01 
 3.82316341e-04  2.87620440e+00 -3.95437957e-01 
 3.82816341e-04  3.06289429e+00 -3.95040157e-01 
 3.83316341e-04  3.24764958e+00 -3.94389600e-01 
 3.83816341e-04  3.43035359e+00 -3.93486717e-01 
 3.84316341e-04  3.61089092e+00 -3.92332099e-01 
 3.84816341e-04  3.78914753e+00 -3.90926496e-01 
 3.85316341e-04  3.96501083e+00 -3.89270815e-01 
 3.85816341e-04  4.13836975e+00 -3.87366124e-01 
 3.86316341e-04  4.30911478e+00 -3.85213645e-01 
 3.86816341e-04  4.47713809e+00 -3.82814757e-01 
 3.87316341e-04  4.64233353e+00 -3.80170996e-01 
 3.87816341e-04  4.80459679e+00 -3.77284051e-01 
 3.88316341e-04  4.96382535e+00 -3.74155765e-01 
 3.88816341e-04  5.11991866e+00 -3.70788135e-01 
 3.89316341e-04  5.27277811e+00 -3.67183305e-01 
 3.89816341e-04  5.42230717e+00 -3.63343572e-01 
 3.90316341e-04  5.56841138e+00 -3.59271381e-01 
 3.90816341e-04  5.71099846e+00 -3.54969323e-01 
 3.91316341e-04  5.84997835e+00 -3.50440133e-01 
 3.91816341e-04  5.98526328e+00 -3.45686691e-01 
 3.92316341e-04  6.11676778e+00 -3.40712018e-01 
 3.92816341e-04  6.24440880e+00 -3.35519274e-01 
 3.93316341e-04  6.36810572e+00 -3.30111758e-01 
 3.93816341e-04  6.48778040e+00 -3.24492904e-01 
 3.94316341e-04  6.60335726e+00 -3.18666277e-01 
 3.94816341e-04  6.71476331e+00 -3.12635576e-01 
 3.95316341e-04  6.82192816e+00 -3.06404628e-01 
 3.95816341e-04  6.92478414e+00 -2.99977386e-01 
 3.96316341e-04  7.02326627e+00 -2.93357926e-01 
 3.96816341e-04  7.11731236e+00 -2.86550448e-01 
 3.97316341e-04  7.20686301e+00 -2.79559268e-01 
 3.97816341e-04  7.29186164e+00 -2.72388818e-01 
 3.98316341e-04  7.37225458e+00 -2.65043644e-01 
 3.98816341e-04  7.44799104e+00 -2.57528402e-01 
 3.99316341e-04  7.51902319e+00 -2.49847856e-01 
 3.99816341e-04  7.58530617e+00 -2.42006872e-01 
 4.00316341e-04  7.64679811e+00 -2.34010419e-01 
 4.00816341e-04  7.70346016e+00 -2.25863564e-01 
 4.01316341e-04  7.75525654e+00 -2.17571468e-01 
 4.01816341e-04  7.80215454e+00 -2.09139385e-01 
 4.02316341e-04  7.84412453e+00 -2.00572655e-01 
 4.02816341e-04  7.88114000e+00 -1.91876704e-01 
 4.03316341e-04  7.91317757e+00 -1.83057041e-01 
 4.03816341e-04  7.94021701e+00 -1.74119251e-01 
 4.04316341e-04  7.96224124e+00 -1.65068994e-01 
 4.04816341e-04  7.97923635e+00 -1.55912002e-01 
 4.05316341e-04  7.99119160e+00 -1.46654071e-01 
 4.05816341e-04  7.99809945e+00 -1.37301066e-01 
 4.06316341e-04  7.99995552e+00 -1.27858907e-01 
 4.06816341e-04  7.99675865e+00 -1.18333573e-01 
 4.07316341e-04  7.98851085e+00 -1.08731094e-01 
 4.07816341e-04  7.97521735e+00 -9.90575507e-02 
 4.08316341e-04  7.95688652e+00 -8.93190664e-02 
 4.08816341e-04  7.93352995e+00 -7.95218064e-02 
 4.09316341e-04  7.90516239e+00 -6.96719734e-02 
 4.09816341e-04  7.87180177e+00 -5.97758027e-02 
 4.10316341e-04  7.83346914e+00 -4.98395593e-02 
 4.10816341e-04  7.79018873e+00 -3.98695332e-02 
 4.11316341e-04  7.74198787e+00 -2.98720360e-02 
 4.11816341e-04  7.68889700e+00 -1.98533966e-02 
 4.12316341e-04  7.63094967e+00 -9.81995708e-03 
 4.12816341e-04  7.56818246e+00  2.21930923e-04 
 4.13316341e-04  7.50063502e+00  1.02659105e-02 
 4.13816341e-04  7.42835002e+00  2.03056235e-02 
 4.14316341e-04  7.35137312e+00  3.03347143e-02 
 4.14816341e-04  7.26975293e+00  4.03468342e-02 
 4.15316341e-04  7.18354101e+00  5.03356451e-02 
 4.15816341e-04  7.09279181e+00  6.02948237e-02 
 4.16316341e-04  6.99756265e+00  7.02180655e-02 
 4.16816341e-04  6.89791368e+00  8.00990886e-02 
 4.17316341e-04  6.79390784e+00  8.99316379e-02 
 4.17816341e-04  6.68561083e+00  9.97094891e-02 
 4.18316341e-04  6.57309104e+00  1.09426452e-01 
 4.18816341e-04  6.45641954e+00  1.19076376e-01 
 4.19316341e-04  6.33567003e+00  1.28653152e-01 
 4.19816341e-04  6.21091878e+00  1.38150717e-01 
 4.20316341e-04  6.08224457e+00  1.47563058e-01 
 4.20816341e-04  5.94972869e+00  1.56884218e-01 
 4.21316341e-04  5.81345484e+00  1.66108295e-01 
 4.21816341e-04  5.67350908e+00  1.75229450e-01 
 4.22316341e-04  5.52997981e+00  1.84241908e-01 
 4.22816341e-04  5.38295769e+00  1.93139964e-01 
 4.23316341e-04  5.23253557e+00  2.01917984e-01 
 4.23816341e-04  5.07880848e+00  2.10570412e-01 
 4.24316341e-04  4.92187350e+00  2.19091768e-01 
 4.24816341e-04  4.76182975e+00  2.27476659e-01 
 4.25316341e-04  4.59877834e+00  2.35719775e-01 
 4.25816341e-04  4.43282224e+00  2.43815897e-01 
 4.26316341e-04  4.26406627e+00  2.51759899e-01 
 4.26816341e-04  4.09261703e+00  2.59546752e-01 
 4.27316341e-04  3.91858280e+00  2.67171524e-01 
 4.27816341e-04  3.74207351e+00  2.74629387e-01 
 4.28316341e-04  3.56320065e+00  2.81915620e-01 
 4.28816341e-04  3.38207720e+00  2.89025607e-01 
 4.29316341e-04  3.19881755e+00  2.95954846e-01 
 4.29816341e-04  3.01353746e+00  3.02698949e-01 
 4.30316341e-04  2.82635395e+00  3.09253644e-01 
 4.30816341e-04  2.63738526e+00  3.15614780e-01 
 4.31316341e-04  2.44675074e+00  3.21778328e-01 
 4.31816341e-04  2.25457080e+00  3.27740383e-01 
 4.32316341e-04  2.06096683e+00  3.33497167e-01 
 4.32816341e-04  1.86606110e+00  3.39045035e-01 
 4.33316341e-04  1.66997673e+00  3.44380471e-01 
 4.33816341e-04  1.47283757e+00  3.49500094e-01 
 4.34316341e-04  1.27476813e+00  3.54400659e-01 
 4.34816341e-04  1.07589352e+00  3.59079060e-01 
 4.35316341e-04  8.76339350e-01  3.63532332e-01 
 4.35816341e-04  6.76231668e-01  3.67757652e-01 
 4.36316341e-04  4.75696864e-01  3.71752339e-01 
 4.36816341e-04  2.74861599e-01  3.75513862e-01 
 4.37316341e-04  7.38527255e-02  3.79039832e-01 
 4.37816341e-04 -1.27202795e-01  3.82328014e-01 
 4.38316341e-04 -3.28177971e-01  3.85376321e-01 
 4.38816341e-04 -5.28945863e-01  3.88182816e-01 
 4.39316341e-04 -7.29379662e-01  3.90745717e-01 
 4.39816341e-04 -9.29352768e-01  3.93063396e-01 
 4.40316341e-04 -1.12873888e+00  3.95134378e-01 
 4.40816341e-04 -1.32741205e+00  3.96957347e-01 
 4.41316341e-04 -1.52524680e+00  3.98531141e-01 
 4.41816341e-04 -1.72211817e+00  3.99854756e-01 
 4.42316341e-04 -1.91790181e+00  4.00927348e-01 
 4.42816341e-04 -2.11247407e+00  4.01748228e-01 
 4.43316341e-04 -2.30571204e+00  4.02316870e-01 
 4.43816341e-04 -2.49749368e+00  4.02632904e-01 
 4.44316341e-04 -2.68769784e+00  4.02696122e-01 
 4.44816341e-04 -2.87620440e+00  4.02506476e-01 
 4.45316341e-04 -3.06289429e+00  4.02064075e-01 
 4.45816341e-04 -3.24764958e+00  4.01369190e-01 
 4.46316341e-04 -3.43035359e+00  4.00422251e-01 
 4.46816341e-04 -3.61089092e+00  3.99223847e-01 
 4.47316341e-04 -3.78914753e+00  3.97774727e-01 
 4.47816341e-04 -3.96501083e+00  3.96075796e-01 
 4.48316341e-04 -4.13836975e+00  3.94128120e-01 
 4.48816341e-04 -4.30911478e+00  3.91932920e-01 
 4.49316341e-04 -4.47713809e+00  3.89491573e-01 
 4.49816341e-04 -4.64233353e+00  3.86805613e-01 
 4.50316341e-04 -4.80459679e+00  3.83876729e-01 
 4.50816341e-04 -4.96382535e+00  3.80706761e-01 
 4.51316341e-04 -5.11991866e+00  3.77297703e-01 
 4.51816341e-04 -5.27277811e+00  3.73651701e-01 
 4.52316341e-04 -5.42230717e+00  3.69771048e-01 
 4.52816341e-04 -5.56841138e+00  3.65658188e-01 
 4.53316341e-04 -5.71099846e+00  3.61315710e-01 
 4.53816341e-04 -5.84997835e+00  3.56746348e-01 
 4.54316341e-04 -5.98526328e+00  3.51952981e-01 
 4.54816341e-04 -6.11676778e+00  3.46938628e-01 
 4.55316341e-04 -6.24440880e+00  3.41706447e-01 
 4.55816341e-04 -6.36810572e+00  3.36259736e-01 
 4.56316341e-04 -6.48778040e+00  3.30601927e-01 
 4.56816341e-04 -6.60335726e+00  3.24736584e-01 
 4.57316341e-04 -6.71476331e+00  3.18667405e-01 
 4.57816341e-04 -6.82192816e+00  3.12398215e-01 
 4.58316341e-04 -6.92478414e+00  3.05932965e-01 
 4.58816341e-04 -7.02326627e+00  2.99275732e-01 
 4.59316341e-04 -7.11731236e+00  2.92430711e-01 
 4.59816341e-04 -7.20686301e+00  2.85402218e-01 
 4.60316341e-04 -7.29186164e+00  2.78194684e-01 
 4.60816341e-04 -7.37225458e+00  2.70812654e-01 
 4.61316341e-04 -7.44799104e+00  2.63260783e-01 
 4.61816341e-04 -7.51902319e+00  2.55543831e-01 
 4.62316341e-04 -7.58530617e+00  2.47666665e-01 
 4.62816341e-04 -7.64679811e+00  2.39634252e-01 
 4.63316341e-04 -7.70346016e+00  2.31451658e-01 
 4.63816341e-04 -7.75525654e+00  2.23124042e-01 
 4.64316341e-04 -7.80215454e+00  2.14656656e-01 
 4.64816341e-04 -7.84412453e+00  2.06054840e-01 
 4.65316341e-04 -7.88114000e+00  1.97324019e-01 
 4.65816341e-04 -7.91317757e+00  1.88469699e-01 
 4.66316341e-04 -7.94021701e+00  1.79497465e-01 
 4.66816341e-04 -7.96224124e+00  1.70412975e-01 
 4.67316341e-04 -7.97923635e+00  1.61221960e-01 
 4.67816341e-04 -7.99119160e+00  1.51930216e-01 
 4.68316341e-04 -7.99809945e+00  1.42543604e-01 
 4.68816341e-04 -7.99995552e+00  1.33068044e-01 
 4.69316341e-04 -7.99675865e+00  1.23509514e-01 
 4.69816341e-04 -7.98851085e+00  1.13874044e-01 
 4.70316341e-04 -7.97521735e+00  1.04167710e-01 
 4.70816341e-04 -7.95688652e+00  9.43966376e-02 
 4.71316341e-04 -7.93352995e+00  8.45669891e-02 
 4.71816341e-04 -7.90516239e+00  7.46849660e-02 
 4.72316341e-04 -7.87180177e+00  6.47568029e-02 
 4.72816341e-04 -7.83346914e+00  5.47887632e-02 
 4.73316341e-04 -7.79018873e+00  4.47871360e-02 
 4.73816341e-04 -7.74198787e+00  3.47582314e-02 
 4.74316341e-04 -7.68889700e+00  2.47083773e-02 
 4.74816341e-04 -7.63094967e+00  1.46439146e-02 
 4.75316341e-04 -7.56818246e+00  4.57119364e-03 
 4.75816341e-04 -7.50063502e+00 -5.50342974e-03 
 4.76316341e-04 -7.42835002e+00 -1.55735985e-02 
 4.76816341e-04 -7.35137312e+00 -2.56329583e-02 
 4.77316341e-04 -7.26975293e+00 -3.56751615e-02 
 4.77816341e-04 -7.18354101e+00 -4.56938712e-02 
 4.78316341e-04 -7.09279181e+00 -5.56827652e-02 
 4.78816341e-04 -6.99756265e+00 -6.56355401e-02 
 4.79316341e-04 -6.89791368e+00 -7.55459151e-02 
 4.79816341e-04 -6.79390784e+00 -8.54076363e-02 
 4.80316341e-04 -6.68561083e+00 -9.52144805e-02 
 4.80816341e-04 -6.57309104e+00 -1.04960259e-01 
 4.81316341e-04 -6.45641954e+00 -1.14638821e-01 
 4.81816341e-04 -6.33567003e+00 -1.24244059e-01 
 4.82316341e-04 -6.21091878e+00 -1.33769912e-01 
 4.82816341e-04 -6.08224457e+00 -1.43210369e-01 
 4.83316341e-04 -5.94972869e+00 -1.52559470e-01 
 4.83816341e-04 -5.81345484e+00 -1.61811318e-01 
 4.84316341e-04 -5.67350908e+00 -1.70960073e-01 
 4.84816341e-04 -5.52997981e+00 -1.79999963e-01 
 4.85316341e-04 -5.38295769e+00 -1.88925281e-01 
 4.85816341e-04 -5.23253557e+00 -1.97730397e-01 
 4.86316341e-04 -5.07880848e+00 -2.06409754e-01 
 4.86816341e-04 -4.92187350e+00 -2.14957874e-01 
 4.87316341e-04 -4.76182975e+00 -2.23369365e-01 
 4.87816341e-04 -4.59877834e+00 -2.31638918e-01 
 4.88316341e-04 -4.43282224e+00 -2.39761315e-01 
 4.88816341e-04 -4.26406627e+00 -2.47731431e-01 
 4.89316341e-04 -4.09261703e+00 -2.55544236e-01 
 4.89816341e-04 -3.91858280e+00 -2.63194802e-01 
 4.90316341e-04 -3.74207351e+00 -2.70678302e-01 
 4.90816341e-04 -3.56320065e+00 -2.77990013e-01 
 4.91316341e-04 -3.38207720e+00 -2.85125322e-01 
 4.91816341e-04 -3.19881755e+00 -2.92079728e-01 
 4.92316341e-04 -3.01353746e+00 -2.98848844e-01 
 4.92816341e-04 -2.82635395e+00 -3.05428398e-01 
 4.93316341e-04 -2.63738526e+00 -3.11814241e-01 
 4.93816341e-04 -2.44675074e+00 -3.18002344e-01 
 4.94316341e-04 -2.25457080e+00 -3.23988803e-01 
 4.94816341e-04 -2.06096683e+00 -3.29769843e-01 
 4.95316341e-04 -1.86606110e+00 -3.35341817e-01 
 4.95816341e-04 -1.66997673e+00 -3.40701211e-01 
 4.96316341e-04 -1.47283757e+00 -3.45844644e-01 
 4.96816341e-04 -1.27476813e+00 -3.50768874e-01 
 4.97316341e-04 -1.07589352e+00 -3.55470796e-01 
 4.97816341e-04 -8.76339350e-01 -3.59947444e-01 
 4.98316341e-04 -6.76231668e-01 -3.64195995e-01 
 4.98816341e-04 -4.75696864e-01 -3.68213773e-01 
 4.99316341e-04 -2.74861599e-01 -3.71998243e-01 
 4.99816341e-04 -7.38527255e-02 -3.75547021e-01 
 5.00316341e-04  1.27202795e-01 -3.78857871e-01 
 5.00816341e-04  3.28177971e-01 -3.81928706e-01 
 5.01316341e-04  5.28945863e-01 -3.84757591e-01 
 5.01816341e-04  7.29379662e-01 -3.87342745e-01 
 5.02316341e-04  9.29352768e-01 -3.89682540e-01 
 5.02816341e-04  1.12873888e+00 -3.91775504e-01 
 5.03316341e-04  1.32741205e+00 -3.93620318e-01 
 5.03816341e-04  1.52524680e+00 -3.95215824e-01 
 5.04316341e-04  1.72211817e+00 -3.96561018e-01 
 5.04816341e-04  1.91790181e+00 -3.97655056e-01 
 5.05316341e-04  2.11247407e+00 -3.98497251e-01 
 5.05816341e-04  2.30571204e+00 -3.99087077e-01 
 5.06316341e-04  2.49749368e+00 -3.99424165e-01 
 5.06816341e-04  2.68769784e+00 -3.99508309e-01 
 5.07316341e-04  2.87620440e+00 -3.99339459e-01 
 5.07816341e-04  3.06289429e+00 -3.98917727e-01 
 5.08316341e-04  3.24764958e+00 -3.98243384e-01 
 5.08816341e-04  3.43035359e+00 -3.97316861e-01 
 5.09316341e-04  3.61089092e+00 -3.96138749e-01 
 5.09816341e-04  3.78914753e+00 -3.94709795e-01 
 5.10316341e-04  3.96501083e+00 -3.93030907e-01 
 5.10816341e-04  4.13836975e+00 -3.91103151e-01 
 5.11316341e-04  4.30911478e+00 -3.88927748e-01 
 5.11816341e-04  4.47713809e+00 -3.86506077e-01 
 5.12316341e-04  4.64233353e+00 -3.83839673e-01 
 5.12816341e-04  4.80459679e+00 -3.80930224e-01 
 5.13316341e-04  4.96382535e+00 -3.77779573e-01 
 5.13816341e-04  5.11991866e+00 -3.74389713e-01 
 5.14316341e-04  5.27277811e+00 -3.70762791e-01 
 5.14816341e-04  5.42230717e+00 -3.66901101e-01 
 5.15316341e-04  5.56841138e+00 -3.62807088e-01 
 5.15816341e-04  5.71099846e+00 -3.58483341e-01 
 5.16316341e-04  5.84997835e+00 -3.53932596e-01 
 5.16816341e-04  5.98526328e+00 -3.49157730e-01 
 5.17316341e-04  6.11676778e+00 -3.44161766e-01 
 5.17816341e-04  6.24440880e+00 -3.38947861e-01 
 5.18316341e-04  6.36810572e+00 -3.33519314e-01 
 5.18816341e-04  6.48778040e+00 -3.27879556e-01 
 5.19316341e-04  6.60335726e+00 -3.22032155e-01 
 5.19816341e-04  6.71476331e+00 -3.15980808e-01 
 5.20316341e-04  6.82192816e+00 -3.09729340e-01 
 5.20816341e-04  6.92478414e+00 -3.03281703e-01 
 5.21316341e-04  7.02326627e+00 -2.96641975e-01 
 5.21816341e-04  7.11731236e+00 -2.89814352e-01 
 5.22316341e-04  7.20686301e+00 -2.82803150e-01 
 5.22816341e-04  7.29186164e+00 -2.75612802e-01 
 5.23316341e-04  7.37225458e+00 -2.68247852e-01 
 5.23816341e-04  7.44799104e+00 -2.60712955e-01 
 5.24316341e-04  7.51902319e+00 -2.53012874e-01 
 5.24816341e-04  7.58530617e+00 -2.45152476e-01 
 5.25316341e-04  7.64679811e+00 -2.37136727e-01 
 5.25816341e-04  7.70346016e+00 -2.28970695e-01 
 5.26316341e-04  7.75525654e+00 -2.20659540e-01 
 5.26816341e-04  7.80215454e+00 -2.12208513e-01 
 5.27316341e-04  7.84412453e+00 -2.03622957e-01 
 5.27816341e-04  7.88114000e+00 -1.94908296e-01 
 5.28316341e-04  7.91317757e+00 -1.86070037e-01 
 5.28816341e-04  7.94021701e+00 -1.77113764e-01 
 5.29316341e-04  7.96224124e+00 -1.68045139e-01 
 5.29816341e-04  7.97923635e+00 -1.58869890e-01 
 5.30316341e-04  7.99119160e+00 -1.49593816e-01 
 5.30816341e-04  7.99809945e+00 -1.40222778e-01 
 5.31316341e-04  7.99995552e+00 -1.30762696e-01 
 5.31816341e-04  7.99675865e+00 -1.21219550e-01 
 5.32316341e-04  7.98851085e+00 -1.11599369e-01 
 5.32816341e-04  7.97521735e+00 -1.01908231e-01 
 5.33316341e-04  7.95688652e+00 -9.21522599e-02 
 5.33816341e-04  7.93352995e+00 -8.23376208e-02 
 5.34316341e-04  7.90516239e+00 -7.24705152e-02 
 5.34816341e-04  7.87180177e+00 -6.25571780e-02 
 5.35316341e-04  7.83346914e+00 -5.26038732e-02 
 5.35816341e-04  7.79018873e+00 -4.26168905e-02 
 5.36316341e-04  7.74198787e+00 -3.26025407e-02 
 5.36816341e-04  7.68889700e+00 -2.25671520e-02 
 5.37316341e-04  7.63094967e+00 -1.25170659e-02 
 5.37816341e-04  7.56818246e+00 -2.45863353e-03 
 5.38316341e-04  7.50063502e+00  7.60178899e-03 
 5.38816341e-04  7.42835002e+00  1.76578440e-02 
 5.39316341e-04  7.35137312e+00  2.77031767e-02 
 5.39816341e-04  7.26975293e+00  3.77314387e-02 
 5.40316341e-04  7.18354101e+00  4.77362928e-02 
 5.40816341e-04  7.09279181e+00  5.77114161e-02 
 5.41316341e-04  6.99756265e+00  6.76505048e-02 
 5.41816341e-04  6.89791368e+00  7.75472777e-02 
 5.42316341e-04  6.79390784e+00  8.73954802e-02 
 5.42816341e-04  6.68561083e+00  9.71888884e-02 
 5.43316341e-04  6.57309104e+00  1.06921313e-01 
 5.43816341e-04  6.45641954e+00  1.16586604e-01 
 5.44316341e-04  6.33567003e+00  1.26178652e-01 
 5.44816341e-04  6.21091878e+00  1.35691396e-01 
 5.45316341e-04  6.08224457e+00  1.45118824e-01 
 5.45816341e-04  5.94972869e+00  1.54454977e-01 
 5.46316341e-04  5.81345484e+00  1.63693955e-01 
 5.46816341e-04  5.67350908e+00  1.72829920e-01 
 5.47316341e-04  5.52997981e+00  1.81857097e-01 
 5.47816341e-04  5.38295769e+00  1.90769781e-01 
 5.48316341e-04  5.23253557e+00  1.99562341e-01 
 5.48816341e-04  5.07880848e+00  2.08229218e-01 
 5.49316341e-04  4.92187350e+00  2.16764936e-01 
 5.49816341e-04  4.76182975e+00  2.25164099e-01 
 5.50316341e-04  4.59877834e+00  2.33421401e-01 
 5.50816341e-04  4.43282224e+00  2.41531622e-01 
 5.51316341e-04  4.26406627e+00  2.49489636e-01 
 5.51816341e-04  4.09261703e+00  2.57290414e-01 
 5.52316341e-04  3.91858280e+00  2.64929027e-01 
 5.52816341e-04  3.74207351e+00  2.72400646e-01 
 5.53316341e-04  3.56320065e+00  2.79700550e-01 
 5.53816341e-04  3.38207720e+00  2.86824125e-01 
 5.54316341e-04  3.19881755e+00  2.93766868e-01 
 5.54816341e-04  3.01353746e+00  3.00524392e-01 
 5.55316341e-04  2.82635395e+00  3.07092426e-01 
 5.55816341e-04  2.63738526e+00  3.13466820e-01 
 5.56316341e-04  2.44675074e+00  3.19643543e-01 
 5.56816341e-04  2.25457080e+00  3.25618693e-01 
 5.57316341e-04  2.06096683e+00  3.31388493e-01 
 5.57816341e-04  1.86606110e+00  3.36949295e-01 
 5.58316341e-04  1.66997673e+00  3.42297587e-01 
 5.58816341e-04  1.47283757e+00  3.47429986e-01 
 5.59316341e-04  1.27476813e+00  3.52343249e-01 
 5.59816341e-04  1.07589352e+00  3.57034271e-01 
 5.60316341e-04  8.76339350e-01  3.61500086e-01 
 5.60816341e-04  6.76231668e-01  3.65737872e-01 
 5.61316341e-04  4.75696864e-01  3.69744949e-01 
 5.61816341e-04  2.74861599e-01  3.73518785e-01 
 5.62316341e-04  7.38527255e-02  3.77056994e-01 
 5.62816341e-04 -1.27202795e-01  3.80357339e-01 
 5.63316341e-04 -3.28177971e-01  3.83417733e-01 
 5.63816341e-04 -5.28945863e-01  3.86236242e-01 
 5.64316341e-04 -7.29379662e-01  3.88811084e-01 
 5.64816341e-04 -9.29352768e-01  3.91140630e-01 
 5.65316341e-04 -1.12873888e+00  3.93223407e-01 
 5.65816341e-04 -1.32741205e+00  3.95058098e-01 
 5.66316341e-04 -1.52524680e+00  3.96643542e-01 
 5.66816341e-04 -1.72211817e+00  3.97978737e-01 
 5.67316341e-04 -1.91790181e+00  3.99062836e-01 
 5.67816341e-04 -2.11247407e+00  3.99895153e-01 
 5.68316341e-04 -2.30571204e+00  4.00475162e-01 
 5.68816341e-04 -2.49749368e+00  4.00802493e-01 
 5.69316341e-04 -2.68769784e+00  4.00876940e-01 
 5.69816341e-04 -2.87620440e+00  4.00698452e-01 
 5.70316341e-04 -3.06289429e+00  4.00267142e-01 
 5.70816341e-04 -3.24764958e+00  3.99583280e-01 
 5.71316341e-04 -3.43035359e+00  3.98647296e-01 
 5.71816341e-04 -3.61089092e+00  3.97459780e-01 
 5.72316341e-04 -3.78914753e+00  3.96021480e-01 
 5.72816341e-04 -3.96501083e+00  3.94333305e-01 
 5.73316341e-04 -4.13836975e+00  3.92396317e-01 
 5.73816341e-04 -4.30911478e+00  3.90211740e-01 
 5.74316341e-04 -4.47713809e+00  3.87780951e-01 
 5.74816341e-04 -4.64233353e+00  3.85105484e-01 
 5.75316341e-04 -4.80459679e+00  3.82187029e-01 
 5.75816341e-04 -4.96382535e+00  3.79027425e-01 
 5.76316341e-04 -5.11991866e+00  3.75628669e-01 
 5.76816341e-04 -5.27277811e+00  3.71992905e-01 
 5.77316341e-04 -5.42230717e+00  3.68122427e-01 
 5.77816341e-04 -5.56841138e+00  3.64019680e-01 
 5.78316341e-04 -5.71099846e+00  3.59687253e-01 
 5.78816341e-04 -5.84997835e+00  3.55127880e-01 
 5.79316341e-04 -5.98526328e+00  3.50344441e-01 
 5.79816341e-04 -6.11676778e+00  3.45339955e-01 
 5.80316341e-04 -6.24440880e+00  3.40117581e-01 
 5.80816341e-04 -6.36810572e+00  3.34680616e-01 
 5.81316341e-04 -6.48778040e+00  3.29032493e-01 
 5.81816341e-04 -6.60335726e+00  3.23176777e-01 
 5.82316341e-04 -6.71476331e+00  3.17117166e-01 
 5.82816341e-04 -6.82192816e+00  3.10857486e-01 
 5.83316341e-04 -6.92478414e+00  3.04401687e-01 
 5.83816341e-04 -7.02326627e+00  2.97753846e-01 
 5.84316341e-04 -7.11731236e+00  2.90918161e-01 
 5.84816341e-04 -7.20686301e+00  2.83898946e-01 
 5.85316341e-04 -7.29186164e+00  2.76700634e-01 
 5.85816341e-04 -7.37225458e+00  2.69327769e-01 
 5.86316341e-04 -7.44799104e+00  2.61785006e-01 
 5.86816341e-04 -7.51902319e+00  2.54077106e-01 
 5.87316341e-04 -7.58530617e+00  2.46208937e-01 
 5.87816341e-04 -7.64679811e+00  2.38185467e-01 
 5.88316341e-04 -7.70346016e+00  2.30011759e-01 
 5.88816341e-04 -7.75525654e+00  2.21692976e-01 
 5.89316341e-04 -7.80215454e+00  2.13234368e-01 
 5.89816341e-04 -7.84412453e+00  2.04641277e-01 
 5.90316341e-04 -7.88114000e+00  1.95919127e-01 
 5.90816341e-04 -7.91317757e+00  1.87073425e-01 
 5.91316341e-04 -7.94021701e+00  1.78109756e-01 
 5.91816341e-04 -7.96224124e+00  1.69033778e-01 
 5.92316341e-04 -7.97923635e+00  1.59851223e-01 
 5.92816341e-04 -7.99119160e+00  1.50567887e-01 
 5.93316341e-04 -7.99809945e+00  1.41189632e-01 
 5.93816341e-04 -7.99995552e+00  1.31722377e-01 
 5.94316341e-04 -7.99675865e+00  1.22172102e-01 
 5.94816341e-04 -7.98851085e+00  1.12544835e-01 
 5.95316341e-04 -7.97521735e+00  1.02846656e-01 
 5.95816341e-04 -7.95688652e+00  9.30836864e-02 
 5.96316341e-04 -7.93352995e+00  8.32620917e-02 
 5.96816341e-04 -7.90516239e+00  7.33880731e-02 
 5.97316341e-04 -7.87180177e+00  6.34678653e-02 
 5.97816341e-04 -7.83346914e+00  5.35077321e-02 
 5.98316341e-04 -7.79018873e+00  4.35139628e-02 
 5.98816341e-04 -7.74198787e+00  3.34928681e-02 
 5.99316341e-04 -7.68889700e+00  2.34507759e-02 
 5.99816341e-04 -7.63094967e+00  1.33940274e-02 
 6.00316341e-04 -7.56818246e+00  3.32897346e-03 
 6.00816341e-04 -7.50063502e+00 -6.73802998e-03 
 6.01316341e-04 -7.42835002e+00 -1.68006256e-02 
 6.01816341e-04 -7.35137312e+00 -2.68524586e-02 
 6.02316341e-04 -7.26975293e+00 -3.68871813e-02 
 6.02816341e-04 -7.18354101e+00 -4.68984563e-02 
 6.03316341e-04 -7.09279181e+00 -5.68799612e-02 
 6.03816341e-04 -6.99756265e+00 -6.68253923e-02 
 6.04316341e-04 -6.89791368e+00 -7.67284686e-02 
 6.04816341e-04 -6.79390784e+00 -8.65829359e-02 
 6.05316341e-04 -6.68561083e+00 -9.63825706e-02 
 6.05816341e-04 -6.57309104e+00 -1.06121184e-01 
 6.06316341e-04 -6.45641954e+00 -1.15792625e-01 
 6.06816341e-04 -6.33567003e+00 -1.25390785e-01 
 6.07316341e-04 -6.21091878e+00 -1.34909604e-01 
 6.07816341e-04 -6.08224457e+00 -1.44343069e-01 
 6.08316341e-04 -5.94972869e+00 -1.53685223e-01 
 6.08816341e-04 -5.81345484e+00 -1.62930165e-01 
 6.09316341e-04 -5.67350908e+00 -1.72072057e-01 
 6.09816341e-04 -5.52997981e+00 -1.81105126e-01 
 6.10316341e-04 -5.38295769e+00 -1.90023665e-01 
 6.10816341e-04 -5.23253557e+00 -1.98822043e-01 
 6.11316341e-04 -5.07880848e+00 -2.07494704e-01 
 6.11816341e-04 -4.92187350e+00 -2.16036169e-01 
 6.12316341e-04 -4.76182975e+00 -2.24441045e-01 
 6.12816341e-04 -4.59877834e+00 -2.32704024e-01 
 6.13316341e-04 -4.43282224e+00 -2.40819888e-01 
 6.13816341e-04 -4.26406627e+00 -2.48783510e-01 
 6.14316341e-04 -4.09261703e+00 -2.56589862e-01 
 6.14816341e-04 -3.91858280e+00 -2.64234014e-01 
 6.15316341e-04 -3.74207351e+00 -2.71711139e-01 
 6.15816341e-04 -3.56320065e+00 -2.79016514e-01 
 6.16316341e-04 -3.38207720e+00 -2.86145527e-01 
 6.16816341e-04 -3.19881755e+00 -2.93093675e-01 
 6.17316341e-04 -3.01353746e+00 -2.99856571e-01 
 6.17816341e-04 -2.82635395e+00 -3.06429944e-01 
 6.18316341e-04 -2.63738526e+00 -3.12809643e-01 
 6.18816341e-04 -2.44675074e+00 -3.18991640e-01 
 6.19316341e-04 -2.25457080e+00 -3.24972031e-01 
 6.19816341e-04 -2.06096683e+00 -3.30747039e-01 
 6.20316341e-04 -1.86606110e+00 -3.36313019e-01 
 6.20816341e-04 -1.66997673e+00 -3.41666455e-01 
 6.21316341e-04 -1.47283757e+00 -3.46803968e-01 
 6.21816341e-04 -1.27476813e+00 -3.51722314e-01 
 6.22316341e-04 -1.07589352e+00 -3.56418387e-01 
 6.22816341e-04 -8.76339350e-01 -3.60889222e-01 
 6.23316341e-04 -6.76231668e-01 -3.65131997e-01 
 6.23816341e-04 -4.75696864e-01 -3.69144032e-01 
 6.24316341e-04 -2.74861599e-01 -3.72922797e-01 
 6.24816341e-04 -7.38527255e-02 -3.76465903e-01 
 6.25316341e-04  1.27202795e-01 -3.79771116e-01 
 6.25816341e-04  3.28177971e-01 -3.82836349e-01 
 6.26316341e-04  5.28945863e-01 -3.85659667e-01 
 6.26816341e-04  7.29379662e-01 -3.88239287e-01 
 6.27316341e-04  9.29352768e-01 -3.90573583e-01 
 6.27816341e-04  1.12873888e+00 -3.92661081e-01 
 6.28316341e-04  1.32741205e+00 -3.94500463e-01 
 6.28816341e-04  1.52524680e+00 -3.96090570e-01 
 6.29316341e-04  1.72211817e+00 -3.97430398e-01 
 6.29816341e-04  1.91790181e+00 -3.98519103e-01 
 6.30316341e-04  2.11247407e+00 -3.99355998e-01 
 6.30816341e-04  2.30571204e+00 -3.99940556e-01 
 6.31316341e-04  2.49749368e+00 -4.00272409e-01 
 6.31816341e-04  2.68769784e+00 -4.00351349e-01 
 6.32316341e-04  2.87620440e+00 -4.00177328e-01 
 6.32816341e-04  3.06289429e+00 -3.99750456e-01 
 6.33316341e-04  3.24764958e+00 -3.99071006e-01 
 6.33816341e-04  3.43035359e+00 -3.98139406e-01 
 6.34316341e-04  3.61089092e+00 -3.96956248e-01 
 6.34816341e-04  3.78914753e+00 -3.95522280e-01 
 6.35316341e-04  3.96501083e+00 -3.93838408e-01 
 6.35816341e-04  4.13836975e+00 -3.91905698e-01 
 6.36316341e-04  4.30911478e+00 -3.89725373e-01 
 6.36816341e-04  4.47713809e+00 -3.87298810e-01 
 6.37316341e-04  4.64233353e+00 -3.84627543e-01 
 6.37816341e-04  4.80459679e+00 -3.81713261e-01 
 6.38316341e-04  4.96382535e+00 -3.78557806e-01 
 6.38816341e-04  5.11991866e+00 -3.75163173e-01 
 6.39316341e-04  5.27277811e+00 -3.71531506e-01 
 6.39816341e-04  5.42230717e+00 -3.67665101e-01 
 6.40316341e-04  5.56841138e+00 -3.63566401e-01 
 6.40816341e-04  5.71099846e+00 -3.59237996e-01 
 6.41316341e-04  5.84997835e+00 -3.54682622e-01 
 6.41816341e-04  5.98526328e+00 -3.49903156e-01 
 6.42316341e-04  6.11676778e+00 -3.44902619e-01 
 6.42816341e-04  6.24440880e+00 -3.39684169e-01 
 6.43316341e-04  6.36810572e+00 -3.34251105e-01 
 6.43816341e-04  6.48778040e+00 -3.28606859e-01 
 6.44316341e-04  6.60335726e+00 -3.22754997e-01 
 6.44816341e-04  6.71476331e+00 -3.16699215e-01 
 6.45316341e-04  6.82192816e+00 -3.10443340e-01 
 6.45816341e-04  6.92478414e+00 -3.03991324e-01 
 6.46316341e-04  7.02326627e+00 -2.97347243e-01 
 6.46816341e-04  7.11731236e+00 -2.90515294e-01 
 6.47316341e-04  7.20686301e+00 -2.83499793e-01 
 6.47816341e-04  7.29186164e+00 -2.76305171e-01 
 6.48316341e-04  7.37225458e+00 -2.68935974e-01 
 6.48816341e-04  7.44799104e+00 -2.61396856e-01 
 6.49316341e-04  7.51902319e+00 -2.53692580e-01 
 6.49816341e-04  7.58530617e+00 -2.45828012e-01 
 6.50316341e-04  7.64679811e+00 -2.37808120e-01 
 6.50816341e-04  7.70346016e+00 -2.29637969e-01 
 6.51316341e-04  7.75525654e+00 -2.21322721e-01 
 6.51816341e-04  7.80215454e+00 -2.12867626e-01 
 6.52316341e-04  7.84412453e+00 -2.04278027e-01 
 6.52816341e-04  7.88114000e+00 -1.95559347e-01 
 6.53316341e-04  7.91317757e+00 -1.86717094e-01 
 6.53816341e-04  7.94021701e+00 -1.77756853e-01 
 6.54316341e-04  7.96224124e+00 -1.68684283e-01 
 6.54816341e-04  7.97923635e+00 -1.59505113e-01 
 6.55316341e-04  7.99119160e+00 -1.50225143e-01 
 6.55816341e-04  7.99809945e+00 -1.40850232e-01 
 6.56316341e-04  7.99995552e+00 -1.31386302e-01 
 6.56816341e-04  7.99675865e+00 -1.21839330e-01 
 6.57316341e-04  7.98851085e+00 -1.12215347e-01 
 6.57816341e-04  7.97521735e+00 -1.02520430e-01 
 6.58316341e-04  7.95688652e+00 -9.27607043e-02 
 6.58816341e-04  7.93352995e+00 -8.29423330e-02 
 6.59316341e-04  7.90516239e+00 -7.30715180e-02 
 6.59816341e-04  7.87180177e+00 -6.31544941e-02 
 6.60316341e-04  7.83346914e+00 -5.31975253e-02 
 6.60816341e-04  7.79018873e+00 -4.32069011e-02 
 6.61316341e-04  7.74198787e+00 -3.31889321e-02 
 6.61816341e-04  7.68889700e+00 -2.31499463e-02 
 6.62316341e-04  7.63094967e+00 -1.30962854e-02 
 6.62816341e-04  7.56818246e+00 -3.03429996e-03 
 6.63316341e-04  7.50063502e+00  7.02965377e-03 
 6.63816341e-04  7.42835002e+00  1.70892183e-02 
 6.64316341e-04  7.35137312e+00  2.71380390e-02 
 6.64816341e-04  7.26975293e+00  3.71697677e-02 
 6.65316341e-04  7.18354101e+00  4.71780671e-02 
 6.65816341e-04  7.09279181e+00  5.71566147e-02 
 6.66316341e-04  6.99756265e+00  6.70991066e-02 
 6.66816341e-04  6.89791368e+00  7.69992618e-02 
 6.67316341e-04  6.79390784e+00  8.68508259e-02 
 6.67816341e-04  6.68561083e+00  9.66475752e-02 
 6.68316341e-04  6.57309104e+00  1.06383320e-01 
 6.68816341e-04  6.45641954e+00  1.16051911e-01 
 6.69316341e-04  6.33567003e+00  1.25647239e-01 
 6.69816341e-04  6.21091878e+00  1.35163243e-01 
 6.70316341e-04  6.08224457e+00  1.44593910e-01 
 6.70816341e-04  5.94972869e+00  1.53933283e-01 
 6.71316341e-04  5.81345484e+00  1.63175462e-01 
 6.71816341e-04  5.67350908e+00  1.72314607e-01 
 6.72316341e-04  5.52997981e+00  1.81344945e-01 
 6.72816341e-04  5.38295769e+00  1.90260771e-01 
 6.73316341e-04  5.23253557e+00  1.99056453e-01 
 6.73816341e-04  5.07880848e+00  2.07726433e-01 
 6.74316341e-04  4.92187350e+00  2.16265235e-01 
 6.74816341e-04  4.76182975e+00  2.24667464e-01 
 6.75316341e-04  4.59877834e+00  2.32927812e-01 
 6.75816341e-04  4.43282224e+00  2.41041060e-01 
 6.76316341e-04  4.26406627e+00  2.49002084e-01 
 6.76816341e-04  4.09261703e+00  2.56805853e-01 
 6.77316341e-04  3.91858280e+00  2.64447438e-01 
 6.77816341e-04  3.74207351e+00  2.71922012e-01 
 6.78316341e-04  3.56320065e+00  2.79224851e-01 
 6.78816341e-04  3.38207720e+00  2.86351344e-01 
 6.79316341e-04  3.19881755e+00  2.93296987e-01 
 6.79816341e-04  3.01353746e+00  3.00057394e-01 
 6.80316341e-04  2.82635395e+00  3.06628293e-01 
 6.80816341e-04  2.63738526e+00  3.13005533e-01 
 6.81316341e-04  2.44675074e+00  3.19185086e-01 
 6.81816341e-04  2.25457080e+00  3.25163048e-01 
 6.82316341e-04  2.06096683e+00  3.30935643e-01 
 6.82816341e-04  1.86606110e+00  3.36499223e-01 
 6.83316341e-04  1.66997673e+00  3.41850275e-01 
 6.83816341e-04  1.47283757e+00  3.46985419e-01 
 6.84316341e-04  1.27476813e+00  3.51901409e-01 
 6.84816341e-04  1.07589352e+00  3.56595141e-01 
 6.85316341e-04  8.76339350e-01  3.61063650e-01 
 6.85816341e-04  6.76231668e-01  3.65304112e-01 
 6.86316341e-04  4.75696864e-01  3.69313850e-01 
 6.86816341e-04  2.74861599e-01  3.73090331e-01 
 6.87316341e-04  7.38527255e-02  3.76631168e-01 
 6.87816341e-04 -1.27202795e-01  3.79934125e-01 
 6.88316341e-04 -3.28177971e-01  3.82997115e-01 
 6.88816341e-04 -5.28945863e-01  3.85818205e-01 
 6.89316341e-04 -7.29379662e-01  3.88395611e-01 
 6.89816341e-04 -9.29352768e-01  3.90727705e-01 
 6.90316341e-04 -1.12873888e+00  3.92813016e-01 
 6.90816341e-04 -1.32741205e+00  3.94650224e-01 
 6.91316341e-04 -1.52524680e+00  3.96238170e-01 
 6.91816341e-04 -1.72211817e+00  3.97575851e-01 
 6.92316341e-04 -1.91790181e+00  3.98662421e-01 
 6.92816341e-04 -2.11247407e+00  3.99497195e-01 
 6.93316341e-04 -2.30571204e+00  4.00079644e-01 
 6.93816341e-04 -2.49749368e+00  4.00409402e-01 
 6.94316341e-04 -2.68769784e+00  4.00486260e-01 
 6.94816341e-04 -2.87620440e+00  4.00310169e-01 
 6.95316341e-04 -3.06289429e+00  3.99881240e-01 
 6.95816341e-04 -3.24764958e+00  3.99199745e-01 
 6.96316341e-04 -3.43035359e+00  3.98266114e-01 
 6.96816341e-04 -3.61089092e+00  3.97080936e-01 
 6.97316341e-04 -3.78914753e+00  3.95644961e-01 
 6.97816341e-04 -3.96501083e+00  3.93959095e-01 
 6.98316341e-04 -4.13836975e+00  3.92024403e-01 
 6.98816341e-04 -4.30911478e+00  3.89842107e-01 
 6.99316341e-04 -4.47713809e+00  3.87413585e-01 
 6.99816341e-04 -4.64233353e+00  3.84740372e-01 
 7.00316341e-04 -4.80459679e+00  3.81824156e-01 
 7.00816341e-04 -4.96382535e+00  3.78666779e-01 
 7.01316341e-04 -5.11991866e+00  3.75270235e-01 
 7.01816341e-04 -5.27277811e+00  3.71636669e-01 
 7.02316341e-04 -5.42230717e+00  3.67768377e-01 
 7.02816341e-04 -5.56841138e+00  3.63667801e-01 
 7.03316341e-04 -5.71099846e+00  3.59337532e-01 
 7.03816341e-04 -5.84997835e+00  3.54780305e-01 
 7.04316341e-04 -5.98526328e+00  3.49998998e-01 
 7.04816341e-04 -6.11676778e+00  3.44996631e-01 
 7.05316341e-04 -6.24440880e+00  3.39776363e-01 
 7.05816341e-04 -6.36810572e+00  3.34341491e-01 
 7.06316341e-04 -6.48778040e+00  3.28695448e-01 
 7.06816341e-04 -6.60335726e+00  3.22841800e-01 
 7.07316341e-04 -6.71476331e+00  3.16784244e-01 
 7.07816341e-04 -6.82192816e+00  3.10526605e-01 
 7.08316341e-04 -6.92478414e+00  3.04072836e-01 
 7.08816341e-04 -7.02326627e+00  2.97427013e-01 
 7.09316341e-04 -7.11731236e+00  2.90593332e-01 
 7.09816341e-04 -7.20686301e+00  2.83576110e-01 
 7.10316341e-04 -7.29186164e+00  2.76379778e-01 
 7.10816341e-04 -7.37225458e+00  2.69008881e-01 
 7.11316341e-04 -7.44799104e+00  2.61468074e-01 
 7.11816341e-04 -7.51902319e+00  2.53762119e-01 
 7.12316341e-04 -7.58530617e+00  2.45895882e-01 
 7.12816341e-04 -7.64679811e+00  2.37874332e-01 
 7.13316341e-04 -7.70346016e+00  2.29702533e-01 
 7.13816341e-04 -7.75525654e+00  2.21385646e-01 
 7.14316341e-04 -7.80215454e+00  2.12928924e-01 
 7.14816341e-04 -7.84412453e+00  2.04337706e-01 
 7.15316341e-04 -7.88114000e+00  1.95617418e-01 
 7.15816341e-04 -7.91317757e+00  1.86773567e-01 
 7.16316341e-04 -7.94021701e+00  1.77811737e-01 
 7.16816341e-04 -7.96224124e+00  1.68737588e-01 
 7.17316341e-04 -7.97923635e+00  1.59556849e-01 
 7.17816341e-04 -7.99119160e+00  1.50275319e-01 
 7.18316341e-04 -7.99809945e+00  1.40898858e-01 
 7.18816341e-04 -7.99995552e+00  1.31433388e-01 
 7.19316341e-04 -7.99675865e+00  1.21884885e-01 
 7.19816341e-04 -7.98851085e+00  1.12259380e-01 
 7.20316341e-04 -7.97521735e+00  1.02562952e-01 
 7.20816341e-04 -7.95688652e+00  9.28017227e-02 
 7.21316341e-04 -7.93352995e+00  8.29818576e-02 
 7.21816341e-04 -7.90516239e+00  7.31095580e-02 
 7.22316341e-04 -7.87180177e+00  6.31910586e-02 
 7.22816341e-04 -7.83346914e+00  5.32326234e-02 
 7.23316341e-04 -7.79018873e+00  4.32405417e-02 
 7.23816341e-04 -7.74198787e+00  3.32211242e-02 
 7.24316341e-04 -7.68889700e+00  2.31806988e-02 
 7.24816341e-04 -7.63094967e+00  1.31256071e-02 
 7.25316341e-04 -7.56818246e+00  3.06219963e-03 
 7.25816341e-04 -7.50063502e+00 -7.00316739e-03 
 7.26316341e-04 -7.42835002e+00 -1.70641366e-02 
 7.26816341e-04 -7.35137312e+00 -2.71143533e-02 
 7.27316341e-04 -7.26975293e+00 -3.71474694e-02 
 7.27816341e-04 -7.18354101e+00 -4.71571477e-02 
 7.28316341e-04 -7.09279181e+00 -5.71370658e-02 
 7.28816341e-04 -6.99756265e+00 -6.70809198e-02 
 7.29316341e-04 -6.89791368e+00 -7.69824287e-02 
 7.29816341e-04 -6.79390784e+00 -8.68353382e-02 
 7.30316341e-04 -6.68561083e+00 -9.66334246e-02 
 7.30816341e-04 -6.57309104e+00 -1.06370499e-01 
 7.31316341e-04 -6.45641954e+00 -1.16040411e-01 
 7.31816341e-04 -6.33567003e+00 -1.25637051e-01 
 7.32316341e-04 -6.21091878e+00 -1.35154360e-01 
 7.32816341e-04 -6.08224457e+00 -1.44586323e-01 
 7.33316341e-04 -5.94972869e+00 -1.53926985e-01 
 7.33816341e-04 -5.81345484e+00 -1.63170444e-01 
 7.34316341e-04 -5.67350908e+00 -1.72310862e-01 
 7.34816341e-04 -5.52997981e+00 -1.81342466e-01 
 7.35316341e-04 -5.38295769e+00 -1.90259549e-01 
 7.35816341e-04 -5.23253557e+00 -1.99056481e-01 
 7.36316341e-04 -5.07880848e+00 -2.07727703e-01 
 7.36816341e-04 -4.92187350e+00 -2.16267739e-01 
 7.37316341e-04 -4.76182975e+00 -2.24671195e-01 
 7.37816341e-04 -4.59877834e+00 -2.32932762e-01 
 7.38316341e-04 -4.43282224e+00 -2.41047222e-01 
 7.38816341e-04 -4.26406627e+00 -2.49009450e-01 
 7.39316341e-04 -4.09261703e+00 -2.56814416e-01 
 7.39816341e-04 -3.91858280e+00 -2.64457191e-01 
 7.40316341e-04 -3.74207351e+00 -2.71932947e-01 
 7.40816341e-04 -3.56320065e+00 -2.79236961e-01 
 7.41316341e-04 -3.38207720e+00 -2.86364622e-01 
 7.41816341e-04 -3.19881755e+00 -2.93311426e-01 
 7.42316341e-04 -3.01353746e+00 -3.00072986e-01 
 7.42816341e-04 -2.82635395e+00 -3.06645032e-01 
 7.43316341e-04 -2.63738526e+00 -3.13023411e-01 
 7.43816341e-04 -2.44675074e+00 -3.19204097e-01 
 7.44316341e-04 -2.25457080e+00 -3.25183184e-01 
 7.44816341e-04 -2.06096683e+00 -3.30956898e-01 
 7.45316341e-04 -1.86606110e+00 -3.36521590e-01 
 7.45816341e-04 -1.66997673e+00 -3.41873747e-01 
 7.46316341e-04 -1.47283757e+00 -3.47009989e-01 
 7.46816341e-04 -1.27476813e+00 -3.51927070e-01 
 7.47316341e-04 -1.07589352e+00 -3.56621887e-01 
 7.47816341e-04 -8.76339350e-01 -3.61091474e-01 
 7.48316341e-04 -6.76231668e-01 -3.65333008e-01 
 7.48816341e-04 -4.75696864e-01 -3.69343811e-01 
 7.49316341e-04 -2.74861599e-01 -3.73121350e-01 
 7.49816341e-04 -7.38527255e-02 -3.76663238e-01 
 7.50316341e-04  1.27202795e-01 -3.79967241e-01 
 7.50816341e-04  3.28177971e-01 -3.83031271e-01 
 7.51316341e-04  5.28945863e-01 -3.85853393e-01 
 7.51816341e-04  7.29379662e-01 -3.88431825e-01 
 7.52316341e-04  9.29352768e-01 -3.90764940e-01 
 7.52816341e-04  1.12873888e+00 -3.92851263e-01 
 7.53316341e-04  1.32741205e+00 -3.94689479e-01 
 7.53816341e-04  1.52524680e+00 -3.96278427e-01 
 7.54316341e-04  1.72211817e+00 -3.97617103e-01 
 7.54816341e-04  1.91790181e+00 -3.98704662e-01 
 7.55316341e-04  2.11247407e+00 -3.99540419e-01 
 7.55816341e-04  2.30571204e+00 -4.00123846e-01 
 7.56316341e-04  2.49749368e+00 -4.00454575e-01 
 7.56816341e-04  2.68769784e+00 -4.00532397e-01 
 7.57316341e-04  2.87620440e+00 -4.00357265e-01 
 7.57816341e-04  3.06289429e+00 -3.99929290e-01 
 7.58316341e-04  3.24764958e+00 -3.99248742e-01 
 7.58816341e-04  3.43035359e+00 -3.98316053e-01 
 7.59316341e-04  3.61089092e+00 -3.97131811e-01 
 7.59816341e-04  3.78914753e+00 -3.95696765e-01 
 7.60316341e-04  3.96501083e+00 -3.94011824e-01 
 7.60816341e-04  4.13836975e+00 -3.92078050e-01 
 7.61316341e-04  4.30911478e+00 -3.89896667e-01 
 7.61816341e-04  4.47713809e+00 -3.87469053e-01 
 7.62316341e-04  4.64233353e+00 -3.84796742e-01 
 7.62816341e-04  4.80459679e+00 -3.81881422e-01 
 7.63316341e-04  4.96382535e+00 -3.78724936e-01 
 7.63816341e-04  5.11991866e+00 -3.75329277e-01 
 7.64316341e-04  5.27277811e+00 -3.71696592e-01 
 7.64816341e-04  5.42230717e+00 -3.67829174e-01 
 7.65316341e-04  5.56841138e+00 -3.63729468e-01 
 7.65816341e-04  5.71099846e+00 -3.59400063e-01 
 7.66316341e-04  5.84997835e+00 -3.54843694e-01 
 7.66816341e-04  5.98526328e+00 -3.50063240e-01 
 7.67316341e-04  6.11676778e+00 -3.45061721e-01 
 7.67816341e-04  6.24440880e+00 -3.39842296e-01 
 7.68316341e-04  6.36810572e+00 -3.34408262e-01 
 7.68816341e-04  6.48778040e+00 -3.28763052e-01 
 7.69316341e-04  6.60335726e+00 -3.22910231e-01 
 7.69816341e-04  6.71476331e+00 -3.16853497e-01 
 7.70316341e-04  6.82192816e+00 -3.10596676e-01 
 7.70816341e-04  6.92478414e+00 -3.04143719e-01 
 7.71316341e-04  7.02326627e+00 -2.97498703e-01 
 7.71816341e-04  7.11731236e+00 -2.90665825e-01 
 7.72316341e-04  7.20686301e+00 -2.83649400e-01 
 7.72816341e-04  7.29186164e+00 -2.76453861e-01 
 7.73316341e-04  7.37225458e+00 -2.69083752e-01 
 7.73816341e-04  7.44799104e+00 -2.61543727e-01 
 7.74316341e-04  7.51902319e+00 -2.53838550e-01 
 7.74816341e-04  7.58530617e+00 -2.45973087e-01 
 7.75316341e-04  7.64679811e+00 -2.37952305e-01 
 7.75816341e-04  7.70346016e+00 -2.29781270e-01 
 7.76316341e-04  7.75525654e+00 -2.21465142e-01 
 7.76816341e-04  7.80215454e+00 -2.13009175e-01 
 7.77316341e-04  7.84412453e+00 -2.04418707e-01 
 7.77816341e-04  7.88114000e+00 -1.95699164e-01 
 7.78316341e-04  7.91317757e+00 -1.86856054e-01 
 7.78816341e-04  7.94021701e+00 -1.77894960e-01 
 7.79316341e-04  7.96224124e+00 -1.68821543e-01 
 7.79816341e-04  7.97923635e+00 -1.59641531e-01 
 7.80316341e-04  7.99119160e+00 -1.50360724e-01 
 7.80816341e-04  7.99809945e+00 -1.40984981e-01 
 7.81316341e-04  7.99995552e+00 -1.31520225e-01 
 7.81816341e-04  7.99675865e+00 -1.21972431e-01 
 7.82316341e-04  7.98851085e+00 -1.12347632e-01 
 7.82816341e-04  7.97521735e+00 -1.02651904e-01 
 7.83316341e-04  7.95688652e+00 -9.28913712e-02 
 7.83816341e-04  7.93352995e+00 -8.30721983e-02 
 7.84316341e-04  7.90516239e+00 -7.32005867e-02 
 7.84816341e-04  7.87180177e+00 -6.32827711e-02 
 7.85316341e-04  7.83346914e+00 -5.33250155e-02 
 7.85816341e-04  7.79018873e+00 -4.33336092e-02 
 7.86316341e-04  7.74198787e+00 -3.33148629e-02 
 7.86816341e-04  7.68889700e+00 -2.32751047e-02 
 7.87316341e-04  7.63094967e+00 -1.32206760e-02 
 7.87816341e-04  7.56818246e+00 -3.15792760e-03 
 7.88316341e-04  7.50063502e+00  6.90678448e-03 
 7.88816341e-04  7.42835002e+00  1.69671028e-02 
 7.89316341e-04  7.35137312e+00  2.70166725e-02 
 7.89816341e-04  7.26975293e+00  3.70491457e-02 
 7.90316341e-04  7.18354101e+00  4.70581850e-02 
 7.90816341e-04  7.09279181e+00  5.70374679e-02 
 7.91316341e-04  6.99756265e+00  6.69806907e-02 
 7.91816341e-04  6.89791368e+00  7.68815723e-02 
 7.92316341e-04  6.79390784e+00  8.67338583e-02 
 7.92816341e-04  6.68561083e+00  9.65313251e-02 
 7.93316341e-04  6.57309104e+00  1.06267783e-01 
 7.93816341e-04  6.45641954e+00  1.15937083e-01 
 7.94316341e-04  6.33567003e+00  1.25533116e-01 
 7.94816341e-04  6.21091878e+00  1.35049819e-01 
 7.95316341e-04  6.08224457e+00  1.44481182e-01 
 7.95816341e-04  5.94972869e+00  1.53821247e-01 
 7.96316341e-04  5.81345484e+00  1.63064112e-01 
 7.96816341e-04  5.67350908e+00  1.72203940e-01 
 7.97316341e-04  5.52997981e+00  1.81234957e-01 
 7.97816341e-04  5.38295769e+00  1.90151458e-01 
 7.98316341e-04  5.23253557e+00  1.98947810e-01 
 7.98816341e-04  5.07880848e+00  2.07618457e-01 
 7.99316341e-04  4.92187350e+00  2.16157922e-01 
 7.99816341e-04  4.76182975e+00  2.24560809e-01 
 8.00316341e-04  4.59877834e+00  2.32821811e-01 
 8.00816341e-04  4.43282224e+00  2.40935710e-01 
 8.01316341e-04  4.26406627e+00  2.48897379e-01 
 8.01816341e-04  4.09261703e+00  2.56701791e-01 
 8.02316341e-04  3.91858280e+00  2.64344014e-01 
 8.02816341e-04  3.74207351e+00  2.71819222e-01 
 8.03316341e-04  3.56320065e+00  2.79122692e-01 
 8.03816341e-04  3.38207720e+00  2.86249811e-01 
 8.04316341e-04  3.19881755e+00  2.93196078e-01 
 8.04816341e-04  3.01353746e+00  2.99957103e-01 
 8.05316341e-04  2.82635395e+00  3.06528617e-01 
 8.05816341e-04  2.63738526e+00  3.12906469e-01 
 8.06316341e-04  2.44675074e+00  3.19086630e-01 
 8.06816341e-04  2.25457080e+00  3.25065196e-01 
 8.07316341e-04  2.06096683e+00  3.30838391e-01 
 8.07816341e-04  1.86606110e+00  3.36402568e-01 
 8.08316341e-04  1.66997673e+00  3.41754213e-01 
 8.08816341e-04  1.47283757e+00  3.46889945e-01 
 8.09316341e-04  1.27476813e+00  3.51806521e-01 
 8.09816341e-04  1.07589352e+00  3.56500835e-01 
 8.10316341e-04  8.76339350e-01  3.60969923e-01 
 8.10816341e-04  6.76231668e-01  3.65210960e-01 
 8.11316341e-04  4.75696864e-01  3.69221270e-01 
 8.11816341e-04  2.74861599e-01  3.72998318e-01 
 8.12316341e-04  7.38527255e-02  3.76539719e-01 
 8.12816341e-04 -1.27202795e-01  3.79843237e-01 
 8.13316341e-04 -3.28177971e-01  3.82906785e-01 
 8.13816341e-04 -5.28945863e-01  3.85728429e-01 
 8.14316341e-04 -7.29379662e-01  3.88306385e-01 
 8.14816341e-04 -9.29352768e-01  3.90639027e-01 
 8.15316341e-04 -1.12873888e+00  3.92724882e-01 
 8.15816341e-04 -1.32741205e+00  3.94562631e-01 
 8.16316341e-04 -1.52524680e+00  3.96151114e-01 
 8.16816341e-04 -1.72211817e+00  3.97489329e-01 
 8.17316341e-04 -1.91790181e+00  3.98576430e-01 
 8.17816341e-04 -2.11247407e+00  3.99411731e-01 
 8.18316341e-04 -2.30571204e+00  3.99994705e-01 
 8.18816341e-04 -2.49749368e+00  4.00324984e-01 
 8.19316341e-04 -2.68769784e+00  4.00402359e-01 
 8.19816341e-04 -2.87620440e+00  4.00226783e-01 
 8.20316341e-04 -3.06289429e+00  3.99798366e-01 
 8.20816341e-04 -3.24764958e+00  3.99117379e-01 
 8.21316341e-04 -3.43035359e+00  3.98184253e-01 
 8.21816341e-04 -3.61089092e+00  3.96999577e-01 
 8.22316341e-04 -3.78914753e+00  3.95564101e-01 
 8.22816341e-04 -3.96501083e+00  3.93878731e-01 
 8.23316341e-04 -4.13836975e+00  3.91944532e-01 
 8.23816341e-04 -4.30911478e+00  3.89762726e-01 
 8.24316341e-04 -4.47713809e+00  3.87334691e-01 
 8.24816341e-04 -4.64233353e+00  3.84661962e-01 
 8.25316341e-04 -4.80459679e+00  3.81746227e-01 
 8.25816341e-04 -4.96382535e+00  3.78589328e-01 
 8.26316341e-04 -5.11991866e+00  3.75193259e-01 
 8.26816341e-04 -5.27277811e+00  3.71560165e-01 
 8.27316341e-04 -5.42230717e+00  3.67692342e-01 
 8.27816341e-04 -5.56841138e+00  3.63592233e-01 
 8.28316341e-04 -5.71099846e+00  3.59262428e-01 
 8.28816341e-04 -5.84997835e+00  3.54705661e-01 
 8.29316341e-04 -5.98526328e+00  3.49924812e-01 
 8.29816341e-04 -6.11676778e+00  3.44922900e-01 
 8.30316341e-04 -6.24440880e+00  3.39703084e-01 
 8.30816341e-04 -6.36810572e+00  3.34268662e-01 
 8.31316341e-04 -6.48778040e+00  3.28623066e-01 
 8.31816341e-04 -6.60335726e+00  3.22769862e-01 
 8.32316341e-04 -6.71476331e+00  3.16712747e-01 
 8.32816341e-04 -6.82192816e+00  3.10455547e-01 
 8.33316341e-04 -6.92478414e+00  3.04002214e-01 
 8.33816341e-04 -7.02326627e+00  2.97356824e-01 
 8.34316341e-04 -7.11731236e+00  2.90523574e-01 
 8.34816341e-04 -7.20686301e+00  2.83506779e-01 
 8.35316341e-04 -7.29186164e+00  2.76310873e-01 
 8.35816341e-04 -7.37225458e+00  2.68940398e-01 
 8.36316341e-04 -7.44799104e+00  2.61400011e-01 
 8.36816341e-04 -7.51902319e+00  2.53694474e-01 
 8.37316341e-04 -7.58530617e+00  2.45828652e-01 
 8.37816341e-04 -7.64679811e+00  2.37807514e-01 
 8.38316341e-04 -7.70346016e+00  2.29636125e-01 
 8.38816341e-04 -7.75525654e+00  2.21319645e-01 
 8.39316341e-04 -7.80215454e+00  2.12863328e-01 
 8.39816341e-04 -7.84412453e+00  2.04272512e-01 
 8.40316341e-04 -7.88114000e+00  1.95552625e-01 
 8.40816341e-04 -7.91317757e+00  1.86709171e-01 
 8.41316341e-04 -7.94021701e+00  1.77747736e-01 
 8.41816341e-04 -7.96224124e+00  1.68673979e-01 
 8.42316341e-04 -7.97923635e+00  1.59493631e-01 
 8.42816341e-04 -7.99119160e+00  1.50212489e-01 
 8.43316341e-04 -7.99809945e+00  1.40836413e-01 
 8.43816341e-04 -7.99995552e+00  1.31371326e-01 
 8.44316341e-04 -7.99675865e+00  1.21823204e-01 
 8.44816341e-04 -7.98851085e+00  1.12198077e-01 
 8.45316341e-04 -7.97521735e+00  1.02502025e-01 
 8.45816341e-04 -7.95688652e+00  9.27411694e-02 
 8.46316341e-04 -7.93352995e+00  8.29216757e-02 
 8.46816341e-04 -7.90516239e+00  7.30497453e-02 
 8.47316341e-04 -7.87180177e+00  6.31316128e-02 
 8.47816341e-04 -7.83346914e+00  5.31735422e-02 
 8.48316341e-04 -7.79018873e+00  4.31818229e-02 
 8.48816341e-04 -7.74198787e+00  3.31627656e-02 
 8.49316341e-04 -7.68889700e+00  2.31226982e-02 
 8.49816341e-04 -7.63094967e+00  1.30679623e-02 
 8.50316341e-04 -7.56818246e+00  3.00490844e-03 
 8.50816341e-04 -7.50063502e+00 -7.06010715e-03 
 8.51316341e-04 -7.42835002e+00 -1.71207271e-02 
 8.51816341e-04 -7.35137312e+00 -2.71705966e-02 
 8.52316341e-04 -7.26975293e+00 -3.72033677e-02 
 8.52816341e-04 -7.18354101e+00 -4.72127032e-02 
 8.53316341e-04 -7.09279181e+00 -5.71922805e-02 
 8.53816341e-04 -6.99756265e+00 -6.71357958e-02 
 8.54316341e-04 -6.89791368e+00 -7.70369681e-02 
 8.54816341e-04 -6.79390784e+00 -8.68895430e-02 
 8.55316341e-04 -6.68561083e+00 -9.66872969e-02 
 8.55816341e-04 -6.57309104e+00 -1.06424041e-01 
 8.56316341e-04 -6.45641954e+00 -1.16093624e-01 
 8.56816341e-04 -6.33567003e+00 -1.25689938e-01 
 8.57316341e-04 -6.21091878e+00 -1.35206922e-01 
 8.57816341e-04 -6.08224457e+00 -1.44638564e-01 
 8.58316341e-04 -5.94972869e+00 -1.53978905e-01 
 8.58816341e-04 -5.81345484e+00 -1.63222045e-01 
 8.59316341e-04 -5.67350908e+00 -1.72362147e-01 
 8.59816341e-04 -5.52997981e+00 -1.81393436e-01 
 8.60316341e-04 -5.38295769e+00 -1.90310207e-01 
 8.60816341e-04 -5.23253557e+00 -1.99106827e-01 
 8.61316341e-04 -5.07880848e+00 -2.07777741e-01 
 8.61816341e-04 -4.92187350e+00 -2.16317470e-01 
 8.62316341e-04 -4.76182975e+00 -2.24720621e-01 
 8.62816341e-04 -4.59877834e+00 -2.32981885e-01 
 8.63316341e-04 -4.43282224e+00 -2.41096044e-01 
 8.63816341e-04 -4.26406627e+00 -2.49057972e-01 
 8.64316341e-04 -4.09261703e+00 -2.56862641e-01 
 8.64816341e-04 -3.91858280e+00 -2.64505120e-01 
 8.65316341e-04 -3.74207351e+00 -2.71980581e-01 
 8.65816341e-04 -3.56320065e+00 -2.79284304e-01 
 8.66316341e-04 -3.38207720e+00 -2.86411674e-01 
 8.66816341e-04 -3.19881755e+00 -2.93358189e-01 
 8.67316341e-04 -3.01353746e+00 -3.00119463e-01 
 8.67816341e-04 -2.82635395e+00 -3.06691223e-01 
 8.68316341e-04 -2.63738526e+00 -3.13069319e-01 
 8.68816341e-04 -2.44675074e+00 -3.19249723e-01 
 8.69316341e-04 -2.25457080e+00 -3.25228531e-01 
 8.69816341e-04 -2.06096683e+00 -3.31001966e-01 
 8.70316341e-04 -1.86606110e+00 -3.36566382e-01 
 8.70816341e-04 -1.66997673e+00 -3.41918264e-01 
 8.71316341e-04 -1.47283757e+00 -3.47054233e-01 
 8.71816341e-04 -1.27476813e+00 -3.51971043e-01 
 8.72316341e-04 -1.07589352e+00 -3.56665590e-01 
 8.72816341e-04 -8.76339350e-01 -3.61134909e-01 
 8.73316341e-04 -6.76231668e-01 -3.65376177e-01 
 8.73816341e-04 -4.75696864e-01 -3.69386715e-01 
 8.74316341e-04 -2.74861599e-01 -3.73163990e-01 
 8.74816341e-04 -7.38527255e-02 -3.76705617e-01 
 8.75316341e-04  1.27202795e-01 -3.80009360e-01 
 8.75816341e-04  3.28177971e-01 -3.83073131e-01 
 8.76316341e-04  5.28945863e-01 -3.85894996e-01 
 8.76816341e-04  7.29379662e-01 -3.88473173e-01 
 8.77316341e-04  9.29352768e-01 -3.90806034e-01 
 8.77816341e-04  1.12873888e+00 -3.92892106e-01 
 8.78316341e-04  1.32741205e+00 -3.94730072e-01 
 8.78816341e-04  1.52524680e+00 -3.96318770e-01 
 8.79316341e-04  1.72211817e+00 -3.97657199e-01 
 8.79816341e-04  1.91790181e+00 -3.98744512e-01 
 8.80316341e-04  2.11247407e+00 -3.99580024e-01 
 8.80816341e-04  2.30571204e+00 -4.00163208e-01 
 8.81316341e-04  2.49749368e+00 -4.00493696e-01 
 8.81816341e-04  2.68769784e+00 -4.00571278e-01 
 8.82316341e-04  2.87620440e+00 -4.00395908e-01 
 8.82816341e-04  3.06289429e+00 -3.99967695e-01 
 8.83316341e-04  3.24764958e+00 -3.99286912e-01 
 8.83816341e-04  3.43035359e+00 -3.98353988e-01 
 8.84316341e-04  3.61089092e+00 -3.97169514e-01 
 8.84816341e-04  3.78914753e+00 -3.95734237e-01 
 8.85316341e-04  3.96501083e+00 -3.94049065e-01 
 8.85816341e-04  4.13836975e+00 -3.92115064e-01 
 8.86316341e-04  4.30911478e+00 -3.89933454e-01 
 8.86816341e-04  4.47713809e+00 -3.87505614e-01 
 8.87316341e-04  4.64233353e+00 -3.84833079e-01 
 8.87816341e-04  4.80459679e+00 -3.81917536e-01 
 8.88316341e-04  4.96382535e+00 -3.78760828e-01 
 8.88816341e-04  5.11991866e+00 -3.75364949e-01 
 8.89316341e-04  5.27277811e+00 -3.71732045e-01 
 8.89816341e-04  5.42230717e+00 -3.67864410e-01 
 8.90316341e-04  5.56841138e+00 -3.63764487e-01 
 8.90816341e-04  5.71099846e+00 -3.59434867e-01 
 8.91316341e-04  5.84997835e+00 -3.54878285e-01 
 8.91816341e-04  5.98526328e+00 -3.50097619e-01 
 8.92316341e-04  6.11676778e+00 -3.45095889e-01 
 8.92816341e-04  6.24440880e+00 -3.39876254e-01 
 8.93316341e-04  6.36810572e+00 -3.34442012e-01 
 8.93816341e-04  6.48778040e+00 -3.28796595e-01 
 8.94316341e-04  6.60335726e+00 -3.22943569e-01 
 8.94816341e-04  6.71476331e+00 -3.16886630e-01 
 8.95316341e-04  6.82192816e+00 -3.10629606e-01 
 8.95816341e-04  6.92478414e+00 -3.04176447e-01 
 8.96316341e-04  7.02326627e+00 -2.97531230e-01 
 8.96816341e-04  7.11731236e+00 -2.90698153e-01 
 8.97316341e-04  7.20686301e+00 -2.83681530e-01 
 8.97816341e-04  7.29186164e+00 -2.76485793e-01 
 8.98316341e-04  7.37225458e+00 -2.69115488e-01 
 8.98816341e-04  7.44799104e+00 -2.61575269e-01 
 8.99316341e-04  7.51902319e+00 -2.53869898e-01 
 8.99816341e-04  7.58530617e+00 -2.46004243e-01 
 9.00316341e-04  7.64679811e+00 -2.37983270e-01 
 9.00816341e-04  7.70346016e+00 -2.29812045e-01 
 9.01316341e-04  7.75525654e+00 -2.21495728e-01 
 9.01816341e-04  7.80215454e+00 -2.13039573e-01 
 9.02316341e-04  7.84412453e+00 -2.04448919e-01 
 9.02816341e-04  7.88114000e+00 -1.95729191e-01 
 9.03316341e-04  7.91317757e+00 -1.86885896e-01 
 9.03816341e-04  7.94021701e+00 -1.77924619e-01 
 9.04316341e-04  7.96224124e+00 -1.68851020e-01 
 9.04816341e-04  7.97923635e+00 -1.59670828e-01 
 9.05316341e-04  7.99119160e+00 -1.50389840e-01 
 9.05816341e-04  7.99809945e+00 -1.41013919e-01 
 9.06316341e-04  7.99995552e+00 -1.31548985e-01 
 9.06816341e-04  7.99675865e+00 -1.22001016e-01 
 9.07316341e-04  7.98851085e+00 -1.12376041e-01 
 9.07816341e-04  7.97521735e+00 -1.02680138e-01 
 9.08316341e-04  7.95688652e+00 -9.29194327e-02 
 9.08816341e-04  7.93352995e+00 -8.31000877e-02 
 9.09316341e-04  7.90516239e+00 -7.32283050e-02 
 9.09816341e-04  7.87180177e+00 -6.33103193e-02 
 9.10316341e-04  7.83346914e+00 -5.33523947e-02 
 9.10816341e-04  7.79018873e+00 -4.33608205e-02 
 9.11316341e-04  7.74198787e+00 -3.33419073e-02 
 9.11816341e-04  7.68889700e+00 -2.33019832e-02 
 9.12316341e-04  7.63094967e+00 -1.32473896e-02 
 9.12816341e-04  7.56818246e+00 -3.18447733e-03 
 9.13316341e-04  7.50063502e+00  6.88039761e-03 
 9.13816341e-04  7.42835002e+00  1.69408777e-02 
 9.14316341e-04  7.35137312e+00  2.69906083e-02 
 9.14816341e-04  7.26975293e+00  3.70232414e-02 
 9.15316341e-04  7.18354101e+00  4.70324396e-02 
 9.15816341e-04  7.09279181e+00  5.70118805e-02 
 9.16316341e-04  6.99756265e+00  6.69552602e-02 
 9.16816341e-04  6.89791368e+00  7.68562978e-02 
 9.17316341e-04  6.79390784e+00  8.67087388e-02 
 9.17816341e-04  6.68561083e+00  9.65063597e-02 
 9.18316341e-04  6.57309104e+00  1.06242971e-01 
 9.18816341e-04  6.45641954e+00  1.15912423e-01 
 9.19316341e-04  6.33567003e+00  1.25508607e-01 
 9.19816341e-04  6.21091878e+00  1.35025461e-01 
 9.20316341e-04  6.08224457e+00  1.44456973e-01 
 9.20816341e-04  5.94972869e+00  1.53797186e-01 
 9.21316341e-04  5.81345484e+00  1.63040199e-01 
 9.21816341e-04  5.67350908e+00  1.72180174e-01 
 9.22316341e-04  5.52997981e+00  1.81211337e-01 
 9.22816341e-04  5.38295769e+00  1.90127983e-01 
 9.23316341e-04  5.23253557e+00  1.98924479e-01 
 9.23816341e-04  5.07880848e+00  2.07595269e-01 
 9.24316341e-04  4.92187350e+00  2.16134875e-01 
 9.24816341e-04  4.76182975e+00  2.24537904e-01 
 9.25316341e-04  4.59877834e+00  2.32799047e-01 
 9.25816341e-04  4.43282224e+00  2.40913085e-01 
 9.26316341e-04  4.26406627e+00  2.48874893e-01 
 9.26816341e-04  4.09261703e+00  2.56679443e-01 
 9.27316341e-04  3.91858280e+00  2.64321803e-01 
 9.27816341e-04  3.74207351e+00  2.71797147e-01 
 9.28316341e-04  3.56320065e+00  2.79100753e-01 
 9.28816341e-04  3.38207720e+00  2.86228007e-01 
 9.29316341e-04  3.19881755e+00  2.93174407e-01 
 9.29816341e-04  3.01353746e+00  2.99935565e-01 
 9.30316341e-04  2.82635395e+00  3.06507211e-01 
 9.30816341e-04  2.63738526e+00  3.12885195e-01 
 9.31316341e-04  2.44675074e+00  3.19065486e-01 
 9.31816341e-04  2.25457080e+00  3.25044181e-01 
 9.32316341e-04  2.06096683e+00  3.30817505e-01 
 9.32816341e-04  1.86606110e+00  3.36381811e-01 
 9.33316341e-04  1.66997673e+00  3.41733583e-01 
 9.33816341e-04  1.47283757e+00  3.46869442e-01 
 9.34316341e-04  1.27476813e+00  3.51786144e-01 
 9.34816341e-04  1.07589352e+00  3.56480583e-01 
 9.35316341e-04  8.76339350e-01  3.60949794e-01 
 9.35816341e-04  6.76231668e-01  3.65190955e-01 
 9.36316341e-04  4.75696864e-01  3.69201387e-01 
 9.36816341e-04  2.74861599e-01  3.72978557e-01 
 9.37316341e-04  7.38527255e-02  3.76520080e-01 
 9.37816341e-04 -1.27202795e-01  3.79823719e-01 
 9.38316341e-04 -3.28177971e-01  3.82887386e-01 
 9.38816341e-04 -5.28945863e-01  3.85709149e-01 
 9.39316341e-04 -7.29379662e-01  3.88287224e-01 
 9.39816341e-04 -9.29352768e-01  3.90619983e-01 
 9.40316341e-04 -1.12873888e+00  3.92705954e-01 
 9.40816341e-04 -1.32741205e+00  3.94543819e-01 
 9.41316341e-04 -1.52524680e+00  3.96132418e-01 
 9.41816341e-04 -1.72211817e+00  3.97470748e-01 
 9.42316341e-04 -1.91790181e+00  3.98557963e-01 
 9.42816341e-04 -2.11247407e+00  3.99393377e-01 
 9.43316341e-04 -2.30571204e+00  3.99976464e-01 
 9.43816341e-04 -2.49749368e+00  4.00306854e-01 
 9.44316341e-04 -2.68769784e+00  4.00384341e-01 
 9.44816341e-04 -2.87620440e+00  4.00208875e-01 
 9.45316341e-04 -3.06289429e+00  3.99780568e-01 
 9.45816341e-04 -3.24764958e+00  3.99099690e-01 
 9.46316341e-04 -3.43035359e+00  3.98166673e-01 
 9.46816341e-04 -3.61089092e+00  3.96982105e-01 
 9.47316341e-04 -3.78914753e+00  3.95546736e-01 
 9.47816341e-04 -3.96501083e+00  3.93861472e-01 
 9.48316341e-04 -4.13836975e+00  3.91927379e-01 
 9.48816341e-04 -4.30911478e+00  3.89745678e-01 
 9.49316341e-04 -4.47713809e+00  3.87317748e-01 
 9.49816341e-04 -4.64233353e+00  3.84645123e-01 
 9.50316341e-04 -4.80459679e+00  3.81729491e-01 
 9.50816341e-04 -4.96382535e+00  3.78572695e-01 
 9.51316341e-04 -5.11991866e+00  3.75176728e-01 
 9.51816341e-04 -5.27277811e+00  3.71543736e-01 
 9.52316341e-04 -5.42230717e+00  3.67676014e-01 
 9.52816341e-04 -5.56841138e+00  3.63576005e-01 
 9.53316341e-04 -5.71099846e+00  3.59246299e-01 
 9.53816341e-04 -5.84997835e+00  3.54689631e-01 
 9.54316341e-04 -5.98526328e+00  3.49908880e-01 
 9.54816341e-04 -6.11676778e+00  3.44907066e-01 
 9.55316341e-04 -6.24440880e+00  3.39687347e-01 
 9.55816341e-04 -6.36810572e+00  3.34253021e-01 
 9.56316341e-04 -6.48778040e+00  3.28607521e-01 
 9.56816341e-04 -6.60335726e+00  3.22754413e-01 
 9.57316341e-04 -6.71476331e+00  3.16697393e-01 
 9.57816341e-04 -6.82192816e+00  3.10440287e-01 
 9.58316341e-04 -6.92478414e+00  3.03987047e-01 
 9.58816341e-04 -7.02326627e+00  2.97341750e-01 
 9.59316341e-04 -7.11731236e+00  2.90508592e-01 
 9.59816341e-04 -7.20686301e+00  2.83491890e-01 
 9.60316341e-04 -7.29186164e+00  2.76296075e-01 
 9.60816341e-04 -7.37225458e+00  2.68925691e-01 
 9.61316341e-04 -7.44799104e+00  2.61385394e-01 
 9.61816341e-04 -7.51902319e+00  2.53679946e-01 
 9.62316341e-04 -7.58530617e+00  2.45814214e-01 
 9.62816341e-04 -7.64679811e+00  2.37793164e-01 
 9.63316341e-04 -7.70346016e+00  2.29621863e-01 
 9.63816341e-04 -7.75525654e+00  2.21305471e-01 
 9.64316341e-04 -7.80215454e+00  2.12849241e-01 
 9.64816341e-04 -7.84412453e+00  2.04258512e-01 
 9.65316341e-04 -7.88114000e+00  1.95538710e-01 
 9.65816341e-04 -7.91317757e+00  1.86695341e-01 
 9.66316341e-04 -7.94021701e+00  1.77733991e-01 
 9.66816341e-04 -7.96224124e+00  1.68660319e-01 
 9.67316341e-04 -7.97923635e+00  1.59480055e-01 
 9.67816341e-04 -7.99119160e+00  1.50198995e-01 
 9.68316341e-04 -7.99809945e+00  1.40823003e-01 
 9.68816341e-04 -7.99995552e+00  1.31357998e-01 
 9.69316341e-04 -7.99675865e+00  1.21809957e-01 
 9.69816341e-04 -7.98851085e+00  1.12184912e-01 
 9.70316341e-04 -7.97521735e+00  1.02488940e-01 
 9.70816341e-04 -7.95688652e+00  9.27281652e-02 
 9.71316341e-04 -7.93352995e+00  8.29087513e-02 
 9.71816341e-04 -7.90516239e+00  7.30369002e-02 
 9.72316341e-04 -7.87180177e+00  6.31188464e-02 
 9.72816341e-04 -7.83346914e+00  5.31608542e-02 
 9.73316341e-04 -7.79018873e+00  4.31692128e-02 
 9.73816341e-04 -7.74198787e+00  3.31502328e-02 
 9.74316341e-04 -7.68889700e+00  2.31102423e-02 
 9.74816341e-04 -7.63094967e+00  1.30555827e-02 
 9.75316341e-04 -7.56818246e+00  2.99260483e-03 
 9.75816341e-04 -7.50063502e+00 -7.07233529e-03 
 9.76316341e-04 -7.42835002e+00 -1.71328802e-02 
 9.76816341e-04 -7.35137312e+00 -2.71826752e-02 
 9.77316341e-04 -7.26975293e+00 -3.72153722e-02 
 9.77816341e-04 -7.18354101e+00 -4.72246341e-02 
 9.78316341e-04 -7.09279181e+00 -5.72041382e-02 
 9.78816341e-04 -6.99756265e+00 -6.71475807e-02 
 9.79316341e-04 -6.89791368e+00 -7.70486807e-02 
 9.79816341e-04 -6.79390784e+00 -8.69011838e-02 
 9.80316341e-04 -6.68561083e+00 -9.66988663e-02 
 9.80816341e-04 -6.57309104e+00 -1.06435539e-01 
 9.81316341e-04 -6.45641954e+00 -1.16105052e-01 
 9.81816341e-04 -6.33567003e+00 -1.25701296e-01 
 9.82316341e-04 -6.21091878e+00 -1.35218210e-01 
 9.82816341e-04 -6.08224457e+00 -1.44649782e-01 
 9.83316341e-04 -5.94972869e+00 -1.53990055e-01 
 9.83816341e-04 -5.81345484e+00 -1.63233127e-01 
 9.84316341e-04 -5.67350908e+00 -1.72373161e-01 
 9.84816341e-04 -5.52997981e+00 -1.81404382e-01 
 9.85316341e-04 -5.38295769e+00 -1.90321086e-01 
 9.85816341e-04 -5.23253557e+00 -1.99117639e-01 
 9.86316341e-04 -5.07880848e+00 -2.07788487e-01 
 9.86816341e-04 -4.92187350e+00 -2.16328150e-01 
 9.87316341e-04 -4.76182975e+00 -2.24731235e-01 
 9.87816341e-04 -4.59877834e+00 -2.32992434e-01 
 9.88316341e-04 -4.43282224e+00 -2.41106528e-01 
 9.88816341e-04 -4.26406627e+00 -2.49068392e-01 
 9.89316341e-04 -4.09261703e+00 -2.56872997e-01 
 9.89816341e-04 -3.91858280e+00 -2.64515412e-01 
 9.90316341e-04 -3.74207351e+00 -2.71990811e-01 
 9.90816341e-04 -3.56320065e+00 -2.79294471e-01 
 9.91316341e-04 -3.38207720e+00 -2.86421778e-01 
 9.91816341e-04 -3.19881755e+00 -2.93368232e-01 
 9.92316341e-04 -3.01353746e+00 -3.00129444e-01 
 9.92816341e-04 -2.82635395e+00 -3.06701143e-01 
 9.93316341e-04 -2.63738526e+00 -3.13079178e-01 
 9.93816341e-04 -2.44675074e+00 -3.19259522e-01 
 9.94316341e-04 -2.25457080e+00 -3.25238269e-01 
 9.94816341e-04 -2.06096683e+00 -3.31011645e-01 
 9.95316341e-04 -1.86606110e+00 -3.36576001e-01 
 9.95816341e-04 -1.66997673e+00 -3.41927825e-01 
 9.96316341e-04 -1.47283757e+00 -3.47063734e-01 
 9.96816341e-04 -1.27476813e+00 -3.51980486e-01 
 9.97316341e-04 -1.07589352e+00 -3.56674975e-01 
 9.97816341e-04 -8.76339350e-01 -3.61144237e-01 
 9.98316341e-04 -6.76231668e-01 -3.65385447e-01 
 9.98816341e-04 -4.75696864e-01 -3.69395928e-01 
 9.99316341e-04 -2.74861599e-01 -3.73173147e-01 
 9.99816341e-04 -7.38527255e-02 -3.76714718e-01 
 1.00000000e-03 -1.56754790e-14 -3.77956036e-01 
