 time            v(NIN)          v(NSKOUT)      
 0.00000000e+00  0.00000000e+00 -1.01249157e-04 
 5.00000000e-09  0.00000000e+00 -1.01249157e-04 
 1.00000000e-08  0.00000000e+00 -1.01249157e-04 
 2.00000000e-08  0.00000000e+00 -1.01249157e-04 
 4.00000000e-08  0.00000000e+00 -1.01249157e-04 
 8.00000000e-08  0.00000000e+00 -1.01249157e-04 
 1.60000000e-07  0.00000000e+00 -1.01249157e-04 
 3.20000000e-07  0.00000000e+00 -1.01249157e-04 
 6.40000000e-07  0.00000000e+00 -1.01249157e-04 
 1.14000000e-06  0.00000000e+00 -1.01249157e-04 
 1.64000000e-06  0.00000000e+00 -1.01249157e-04 
 2.14000000e-06  0.00000000e+00 -1.01249157e-04 
 2.64000000e-06  0.00000000e+00 -1.01249157e-04 
 3.14000000e-06  0.00000000e+00 -1.01249157e-04 
 3.64000000e-06  0.00000000e+00 -1.01249157e-04 
 4.14000000e-06  0.00000000e+00 -1.01249157e-04 
 4.64000000e-06  0.00000000e+00 -1.01249157e-04 
 5.14000000e-06  0.00000000e+00 -1.01249157e-04 
 5.64000000e-06  0.00000000e+00 -1.01249157e-04 
 6.14000000e-06  0.00000000e+00 -1.01249157e-04 
 6.64000000e-06  0.00000000e+00 -1.01249157e-04 
 7.14000000e-06  0.00000000e+00 -1.01249157e-04 
 7.64000000e-06  0.00000000e+00 -1.01249157e-04 
 8.14000000e-06  0.00000000e+00 -1.01249157e-04 
 8.64000000e-06  0.00000000e+00 -1.01249157e-04 
 9.14000000e-06  0.00000000e+00 -1.01249157e-04 
 9.64000000e-06  0.00000000e+00 -1.01249157e-04 
 1.01400000e-05  0.00000000e+00 -1.01249157e-04 
 1.06400000e-05  0.00000000e+00 -1.01249157e-04 
 1.11400000e-05  0.00000000e+00 -1.01249157e-04 
 1.16400000e-05  0.00000000e+00 -1.01249157e-04 
 1.21400000e-05  0.00000000e+00 -1.01249157e-04 
 1.26400000e-05  0.00000000e+00 -1.01249157e-04 
 1.31400000e-05  0.00000000e+00 -1.01249157e-04 
 1.36400000e-05  0.00000000e+00 -1.01249157e-04 
 1.41400000e-05  0.00000000e+00 -1.01249157e-04 
 1.46400000e-05  0.00000000e+00 -1.01249157e-04 
 1.51400000e-05  0.00000000e+00 -1.01249157e-04 
 1.56400000e-05  0.00000000e+00 -1.01249157e-04 
 1.61400000e-05  0.00000000e+00 -1.01249157e-04 
 1.66400000e-05  0.00000000e+00 -1.01249157e-04 
 1.71400000e-05  0.00000000e+00 -1.01249157e-04 
 1.76400000e-05  0.00000000e+00 -1.01249157e-04 
 1.81400000e-05  0.00000000e+00 -1.01249157e-04 
 1.86400000e-05  0.00000000e+00 -1.01249157e-04 
 1.91400000e-05  0.00000000e+00 -1.01249157e-04 
 1.96400000e-05  0.00000000e+00 -1.01249157e-04 
 2.01400000e-05  0.00000000e+00 -1.01249157e-04 
 2.06400000e-05  0.00000000e+00 -1.01249157e-04 
 2.11400000e-05  0.00000000e+00 -1.01249157e-04 
 2.16400000e-05  0.00000000e+00 -1.01249157e-04 
 2.21400000e-05  0.00000000e+00 -1.01249157e-04 
 2.26400000e-05  0.00000000e+00 -1.01249157e-04 
 2.31400000e-05  0.00000000e+00 -1.01249157e-04 
 2.36400000e-05  0.00000000e+00 -1.01249157e-04 
 2.41400000e-05  0.00000000e+00 -1.01249157e-04 
 2.46400000e-05  0.00000000e+00 -1.01249157e-04 
 2.51400000e-05  0.00000000e+00 -1.01249157e-04 
 2.56400000e-05  0.00000000e+00 -1.01249157e-04 
 2.61400000e-05  0.00000000e+00 -1.01249157e-04 
 2.66400000e-05  0.00000000e+00 -1.01249157e-04 
 2.71400000e-05  0.00000000e+00 -1.01249157e-04 
 2.76400000e-05  0.00000000e+00 -1.01249157e-04 
 2.81400000e-05  0.00000000e+00 -1.01249157e-04 
 2.86400000e-05  0.00000000e+00 -1.01249157e-04 
 2.91400000e-05  0.00000000e+00 -1.01249157e-04 
 2.96400000e-05  0.00000000e+00 -1.01249157e-04 
 3.01400000e-05  0.00000000e+00 -1.01249157e-04 
 3.06400000e-05  0.00000000e+00 -1.01249157e-04 
 3.11400000e-05  0.00000000e+00 -1.01249157e-04 
 3.16400000e-05  0.00000000e+00 -1.01249157e-04 
 3.21400000e-05  0.00000000e+00 -1.01249157e-04 
 3.26400000e-05  0.00000000e+00 -1.01249157e-04 
 3.31400000e-05  0.00000000e+00 -1.01249157e-04 
 3.36400000e-05  0.00000000e+00 -1.01249157e-04 
 3.41400000e-05  0.00000000e+00 -1.01249157e-04 
 3.46400000e-05  0.00000000e+00 -1.01249157e-04 
 3.51400000e-05  0.00000000e+00 -1.01249157e-04 
 3.56400000e-05  0.00000000e+00 -1.01249157e-04 
 3.61400000e-05  0.00000000e+00 -1.01249157e-04 
 3.66400000e-05  0.00000000e+00 -1.01249157e-04 
 3.71400000e-05  0.00000000e+00 -1.01249157e-04 
 3.76400000e-05  0.00000000e+00 -1.01249157e-04 
 3.81400000e-05  0.00000000e+00 -1.01249157e-04 
 3.86400000e-05  0.00000000e+00 -1.01249157e-04 
 3.91400000e-05  0.00000000e+00 -1.01249157e-04 
 3.96400000e-05  0.00000000e+00 -1.01249157e-04 
 4.01400000e-05  0.00000000e+00 -1.01249157e-04 
 4.06400000e-05  0.00000000e+00 -1.01249157e-04 
 4.11400000e-05  0.00000000e+00 -1.01249157e-04 
 4.16400000e-05  0.00000000e+00 -1.01249157e-04 
 4.21400000e-05  0.00000000e+00 -1.01249157e-04 
 4.26400000e-05  0.00000000e+00 -1.01249157e-04 
 4.31400000e-05  0.00000000e+00 -1.01249157e-04 
 4.36400000e-05  0.00000000e+00 -1.01249157e-04 
 4.41400000e-05  0.00000000e+00 -1.01249157e-04 
 4.46400000e-05  0.00000000e+00 -1.01249157e-04 
 4.51400000e-05  0.00000000e+00 -1.01249157e-04 
 4.56400000e-05  0.00000000e+00 -1.01249157e-04 
 4.61400000e-05  0.00000000e+00 -1.01249157e-04 
 4.66400000e-05  0.00000000e+00 -1.01249157e-04 
 4.71400000e-05  0.00000000e+00 -1.01249157e-04 
 4.76400000e-05  0.00000000e+00 -1.01249157e-04 
 4.81400000e-05  0.00000000e+00 -1.01249157e-04 
 4.86400000e-05  0.00000000e+00 -1.01249157e-04 
 4.91400000e-05  0.00000000e+00 -1.01249157e-04 
 4.96400000e-05  0.00000000e+00 -1.01249157e-04 
 5.01400000e-05  0.00000000e+00 -1.01249157e-04 
 5.06400000e-05  0.00000000e+00 -1.01249157e-04 
 5.11400000e-05  0.00000000e+00 -1.01249157e-04 
 5.16400000e-05  0.00000000e+00 -1.01249157e-04 
 5.21400000e-05  0.00000000e+00 -1.01249157e-04 
 5.26400000e-05  0.00000000e+00 -1.01249157e-04 
 5.31400000e-05  0.00000000e+00 -1.01249157e-04 
 5.36400000e-05  0.00000000e+00 -1.01249157e-04 
 5.41400000e-05  0.00000000e+00 -1.01249157e-04 
 5.46400000e-05  0.00000000e+00 -1.01249157e-04 
 5.51400000e-05  0.00000000e+00 -1.01249157e-04 
 5.56400000e-05  0.00000000e+00 -1.01249157e-04 
 5.61400000e-05  0.00000000e+00 -1.01249157e-04 
 5.66400000e-05  0.00000000e+00 -1.01249157e-04 
 5.71400000e-05  0.00000000e+00 -1.01249157e-04 
 5.76400000e-05  0.00000000e+00 -1.01249157e-04 
 5.81400000e-05  0.00000000e+00 -1.01249157e-04 
 5.86400000e-05  0.00000000e+00 -1.01249157e-04 
 5.91400000e-05  0.00000000e+00 -1.01249157e-04 
 5.96400000e-05  0.00000000e+00 -1.01249157e-04 
 6.01400000e-05  0.00000000e+00 -1.01249157e-04 
 6.06400000e-05  0.00000000e+00 -1.01249157e-04 
 6.11400000e-05  0.00000000e+00 -1.01249157e-04 
 6.16400000e-05  0.00000000e+00 -1.01249157e-04 
 6.21400000e-05  0.00000000e+00 -1.01249157e-04 
 6.26400000e-05  0.00000000e+00 -1.01249157e-04 
 6.31400000e-05  0.00000000e+00 -1.01249157e-04 
 6.36400000e-05  0.00000000e+00 -1.01249157e-04 
 6.41400000e-05  0.00000000e+00 -1.01249157e-04 
 6.46400000e-05  0.00000000e+00 -1.01249157e-04 
 6.51400000e-05  0.00000000e+00 -1.01249157e-04 
 6.56400000e-05  0.00000000e+00 -1.01249157e-04 
 6.61400000e-05  0.00000000e+00 -1.01249157e-04 
 6.66400000e-05  0.00000000e+00 -1.01249157e-04 
 6.71400000e-05  0.00000000e+00 -1.01249157e-04 
 6.76400000e-05  0.00000000e+00 -1.01249157e-04 
 6.81400000e-05  0.00000000e+00 -1.01249157e-04 
 6.86400000e-05  0.00000000e+00 -1.01249157e-04 
 6.91400000e-05  0.00000000e+00 -1.01249157e-04 
 6.96400000e-05  0.00000000e+00 -1.01249157e-04 
 7.01400000e-05  0.00000000e+00 -1.01249157e-04 
 7.06400000e-05  0.00000000e+00 -1.01249157e-04 
 7.11400000e-05  0.00000000e+00 -1.01249157e-04 
 7.16400000e-05  0.00000000e+00 -1.01249157e-04 
 7.21400000e-05  0.00000000e+00 -1.01249157e-04 
 7.26400000e-05  0.00000000e+00 -1.01249157e-04 
 7.31400000e-05  0.00000000e+00 -1.01249157e-04 
 7.36400000e-05  0.00000000e+00 -1.01249157e-04 
 7.41400000e-05  0.00000000e+00 -1.01249157e-04 
 7.46400000e-05  0.00000000e+00 -1.01249157e-04 
 7.51400000e-05  0.00000000e+00 -1.01249157e-04 
 7.56400000e-05  0.00000000e+00 -1.01249157e-04 
 7.61400000e-05  0.00000000e+00 -1.01249157e-04 
 7.66400000e-05  0.00000000e+00 -1.01249157e-04 
 7.71400000e-05  0.00000000e+00 -1.01249157e-04 
 7.76400000e-05  0.00000000e+00 -1.01249157e-04 
 7.81400000e-05  0.00000000e+00 -1.01249157e-04 
 7.86400000e-05  0.00000000e+00 -1.01249157e-04 
 7.91400000e-05  0.00000000e+00 -1.01249157e-04 
 7.96400000e-05  0.00000000e+00 -1.01249157e-04 
 8.01400000e-05  0.00000000e+00 -1.01249157e-04 
 8.06400000e-05  0.00000000e+00 -1.01249157e-04 
 8.11400000e-05  0.00000000e+00 -1.01249157e-04 
 8.16400000e-05  0.00000000e+00 -1.01249157e-04 
 8.21400000e-05  0.00000000e+00 -1.01249157e-04 
 8.26400000e-05  0.00000000e+00 -1.01249157e-04 
 8.31400000e-05  0.00000000e+00 -1.01249157e-04 
 8.36400000e-05  0.00000000e+00 -1.01249157e-04 
 8.41400000e-05  0.00000000e+00 -1.01249157e-04 
 8.46400000e-05  0.00000000e+00 -1.01249157e-04 
 8.51400000e-05  0.00000000e+00 -1.01249157e-04 
 8.56400000e-05  0.00000000e+00 -1.01249157e-04 
 8.61400000e-05  0.00000000e+00 -1.01249157e-04 
 8.66400000e-05  0.00000000e+00 -1.01249157e-04 
 8.71400000e-05  0.00000000e+00 -1.01249157e-04 
 8.76400000e-05  0.00000000e+00 -1.01249157e-04 
 8.81400000e-05  0.00000000e+00 -1.01249157e-04 
 8.86400000e-05  0.00000000e+00 -1.01249157e-04 
 8.91400000e-05  0.00000000e+00 -1.01249157e-04 
 8.96400000e-05  0.00000000e+00 -1.01249157e-04 
 9.01400000e-05  0.00000000e+00 -1.01249157e-04 
 9.06400000e-05  0.00000000e+00 -1.01249157e-04 
 9.11400000e-05  0.00000000e+00 -1.01249157e-04 
 9.16400000e-05  0.00000000e+00 -1.01249157e-04 
 9.21400000e-05  0.00000000e+00 -1.01249157e-04 
 9.26400000e-05  0.00000000e+00 -1.01249157e-04 
 9.31400000e-05  0.00000000e+00 -1.01249157e-04 
 9.36400000e-05  0.00000000e+00 -1.01249157e-04 
 9.41400000e-05  0.00000000e+00 -1.01249157e-04 
 9.46400000e-05  0.00000000e+00 -1.01249157e-04 
 9.51400000e-05  0.00000000e+00 -1.01249157e-04 
 9.56400000e-05  0.00000000e+00 -1.01249157e-04 
 9.61400000e-05  0.00000000e+00 -1.01249157e-04 
 9.66400000e-05  0.00000000e+00 -1.01249157e-04 
 9.71400000e-05  0.00000000e+00 -1.01249157e-04 
 9.76400000e-05  0.00000000e+00 -1.01249157e-04 
 9.81400000e-05  0.00000000e+00 -1.01249157e-04 
 9.86400000e-05  0.00000000e+00 -1.01249157e-04 
 9.91400000e-05  0.00000000e+00 -1.01249157e-04 
 9.96400000e-05  0.00000000e+00 -1.01249157e-04 
 1.00000000e-04  0.00000000e+00 -1.01249157e-04 
 1.00000100e-04  4.00000000e-01 -1.01249147e-04 
 1.00000300e-04  1.20000000e+00 -1.01249047e-04 
 1.00000700e-04  2.80000000e+00 -1.01246275e-04 
 1.00001000e-04  4.00000000e+00 -1.01238282e-04 
 1.00001080e-04  4.00000000e+00 -1.01234052e-04 
 1.00001240e-04  4.00000000e+00 -1.01223207e-04 
 1.00001560e-04  4.00000000e+00 -1.01182264e-04 
 1.00002200e-04  4.00000000e+00 -1.00971549e-04 
 1.00003480e-04  4.00000000e+00 -9.96497162e-05 
 1.00006040e-04  4.00000000e+00 -9.12528126e-05 
 1.00011160e-04  4.00000000e+00 -4.47422805e-05 
 1.00019544e-04  4.00000000e+00  1.12491151e-04 
 1.00028880e-04  4.00000000e+00  3.69726776e-04 
 1.00044009e-04  4.00000000e+00  8.41673170e-04 
 1.00072262e-04  4.00000000e+00  1.56518185e-03 
 1.00128769e-04  4.00000000e+00  1.96065076e-03 
 1.00241784e-04  4.00000000e+00  8.74609239e-04 
 1.00368426e-04  4.00000000e+00 -6.29520628e-05 
 1.00579794e-04  4.00000000e+00 -6.97145588e-05 
 1.00937328e-04  4.00000000e+00  1.76732534e-04 
 1.01437328e-04  4.00000000e+00  6.14855029e-04 
 1.01937328e-04  4.00000000e+00  1.32546010e-03 
 1.02437328e-04  4.00000000e+00  2.19920484e-03 
 1.02937328e-04  4.00000000e+00  3.29963472e-03 
 1.03437328e-04  4.00000000e+00  4.56505788e-03 
 1.03937328e-04  4.00000000e+00  6.02469255e-03 
 1.04437328e-04  4.00000000e+00  7.64334236e-03 
 1.04937328e-04  4.00000000e+00  9.43212255e-03 
 1.05437328e-04  4.00000000e+00  1.13699996e-02 
 1.05937328e-04  4.00000000e+00  1.34590419e-02 
 1.06437328e-04  4.00000000e+00  1.56856667e-02 
 1.06937328e-04  4.00000000e+00  1.80476721e-02 
 1.07437328e-04  4.00000000e+00  2.05354206e-02 
 1.07937328e-04  4.00000000e+00  2.31448618e-02 
 1.08437328e-04  4.00000000e+00  2.58685171e-02 
 1.08937328e-04  4.00000000e+00  2.87016755e-02 
 1.09437328e-04  4.00000000e+00  3.16381192e-02 
 1.09937328e-04  4.00000000e+00  3.46730394e-02 
 1.10437328e-04  4.00000000e+00  3.78010266e-02 
 1.10937328e-04  4.00000000e+00  4.10174288e-02 
 1.11437328e-04  4.00000000e+00  4.43174129e-02 
 1.11937328e-04  4.00000000e+00  4.76965894e-02 
 1.12437328e-04  4.00000000e+00  5.11505765e-02 
 1.12937328e-04  4.00000000e+00  5.46752832e-02 
 1.13437328e-04  4.00000000e+00  5.82667066e-02 
 1.13937328e-04  4.00000000e+00  6.19210574e-02 
 1.14437328e-04  4.00000000e+00  6.56346651e-02 
 1.14937328e-04  4.00000000e+00  6.94040310e-02 
 1.15437328e-04  4.00000000e+00  7.32257836e-02 
 1.15937328e-04  4.00000000e+00  7.70966986e-02 
 1.16437328e-04  4.00000000e+00  8.10136768e-02 
 1.16937328e-04  4.00000000e+00  8.49737497e-02 
 1.17437328e-04  4.00000000e+00  8.89740680e-02 
 1.17937328e-04  4.00000000e+00  9.30119007e-02 
 1.18437328e-04  4.00000000e+00  9.70846288e-02 
 1.18937328e-04  4.00000000e+00  1.01189741e-01 
 1.19437328e-04  4.00000000e+00  1.05324831e-01 
 1.19937328e-04  4.00000000e+00  1.09487590e-01 
 1.20437328e-04  4.00000000e+00  1.13675808e-01 
 1.20937328e-04  4.00000000e+00  1.17887365e-01 
 1.21437328e-04  4.00000000e+00  1.22120230e-01 
 1.21937328e-04  4.00000000e+00  1.26372458e-01 
 1.22437328e-04  4.00000000e+00  1.30642185e-01 
 1.22937328e-04  4.00000000e+00  1.34927625e-01 
 1.23437328e-04  4.00000000e+00  1.39227070e-01 
 1.23937328e-04  4.00000000e+00  1.43538883e-01 
 1.24437328e-04  4.00000000e+00  1.47861495e-01 
 1.24937328e-04  4.00000000e+00  1.52193406e-01 
 1.25437328e-04  4.00000000e+00  1.56533181e-01 
 1.25937328e-04  4.00000000e+00  1.60879446e-01 
 1.26437328e-04  4.00000000e+00  1.65230887e-01 
 1.26937328e-04  4.00000000e+00  1.69586245e-01 
 1.27437328e-04  4.00000000e+00  1.73944319e-01 
 1.27937328e-04  4.00000000e+00  1.78303959e-01 
 1.28437328e-04  4.00000000e+00  1.82664065e-01 
 1.28937328e-04  4.00000000e+00  1.87023588e-01 
 1.29437328e-04  4.00000000e+00  1.91381523e-01 
 1.29937328e-04  4.00000000e+00  1.95736913e-01 
 1.30437328e-04  4.00000000e+00  2.00088841e-01 
 1.30937328e-04  4.00000000e+00  2.04436434e-01 
 1.31437328e-04  4.00000000e+00  2.08778858e-01 
 1.31937328e-04  4.00000000e+00  2.13115315e-01 
 1.32437328e-04  4.00000000e+00  2.17445048e-01 
 1.32937328e-04  4.00000000e+00  2.21767332e-01 
 1.33437328e-04  4.00000000e+00  2.26081478e-01 
 1.33937328e-04  4.00000000e+00  2.30386827e-01 
 1.34437328e-04  4.00000000e+00  2.34682754e-01 
 1.34937328e-04  4.00000000e+00  2.38968663e-01 
 1.35437328e-04  4.00000000e+00  2.43243985e-01 
 1.35937328e-04  4.00000000e+00  2.47508182e-01 
 1.36437328e-04  4.00000000e+00  2.51760741e-01 
 1.36937328e-04  4.00000000e+00  2.56001173e-01 
 1.37437328e-04  4.00000000e+00  2.60229016e-01 
 1.37937328e-04  4.00000000e+00  2.64443830e-01 
 1.38437328e-04  4.00000000e+00  2.68645199e-01 
 1.38937328e-04  4.00000000e+00  2.72832727e-01 
 1.39437328e-04  4.00000000e+00  2.77006040e-01 
 1.39937328e-04  4.00000000e+00  2.81164783e-01 
 1.40437328e-04  4.00000000e+00  2.85308622e-01 
 1.40937328e-04  4.00000000e+00  2.89437238e-01 
 1.41437328e-04  4.00000000e+00  2.93550334e-01 
 1.41937328e-04  4.00000000e+00  2.97647626e-01 
 1.42437328e-04  4.00000000e+00  3.01728849e-01 
 1.42937328e-04  4.00000000e+00  3.05793753e-01 
 1.43437328e-04  4.00000000e+00  3.09842102e-01 
 1.43937328e-04  4.00000000e+00  3.13873675e-01 
 1.44437328e-04  4.00000000e+00  3.17888264e-01 
 1.44937328e-04  4.00000000e+00  3.21885676e-01 
 1.45437328e-04  4.00000000e+00  3.25865729e-01 
 1.45937328e-04  4.00000000e+00  3.29828255e-01 
 1.46437328e-04  4.00000000e+00  3.33773095e-01 
 1.46937328e-04  4.00000000e+00  3.37700102e-01 
 1.47437328e-04  4.00000000e+00  3.41609143e-01 
 1.47937328e-04  4.00000000e+00  3.45500090e-01 
 1.48437328e-04  4.00000000e+00  3.49372828e-01 
 1.48937328e-04  4.00000000e+00  3.53227252e-01 
 1.49437328e-04  4.00000000e+00  3.57063263e-01 
 1.49937328e-04  4.00000000e+00  3.60880774e-01 
 1.50437328e-04  4.00000000e+00  3.64679705e-01 
 1.50937328e-04  4.00000000e+00  3.68459983e-01 
 1.51437328e-04  4.00000000e+00  3.72221543e-01 
 1.51937328e-04  4.00000000e+00  3.75964329e-01 
 1.52437328e-04  4.00000000e+00  3.79688289e-01 
 1.52937328e-04  4.00000000e+00  3.83393381e-01 
 1.53437328e-04  4.00000000e+00  3.87079567e-01 
 1.53937328e-04  4.00000000e+00  3.90746815e-01 
 1.54437328e-04  4.00000000e+00  3.94395101e-01 
 1.54937328e-04  4.00000000e+00  3.98024405e-01 
 1.55437328e-04  4.00000000e+00  4.01634713e-01 
 1.55937328e-04  4.00000000e+00  4.05226015e-01 
 1.56437328e-04  4.00000000e+00  4.08798307e-01 
 1.56937328e-04  4.00000000e+00  4.12351589e-01 
 1.57437328e-04  4.00000000e+00  4.15885866e-01 
 1.57937328e-04  4.00000000e+00  4.19401148e-01 
 1.58437328e-04  4.00000000e+00  4.22897447e-01 
 1.58937328e-04  4.00000000e+00  4.26374781e-01 
 1.59437328e-04  4.00000000e+00  4.29833170e-01 
 1.59937328e-04  4.00000000e+00  4.33272640e-01 
 1.60437328e-04  4.00000000e+00  4.36693216e-01 
 1.60937328e-04  4.00000000e+00  4.40094931e-01 
 1.61437328e-04  4.00000000e+00  4.43477819e-01 
 1.61937328e-04  4.00000000e+00  4.46841916e-01 
 1.62437328e-04  4.00000000e+00  4.50187262e-01 
 1.62937328e-04  4.00000000e+00  4.53513901e-01 
 1.63437328e-04  4.00000000e+00  4.56821875e-01 
 1.63937328e-04  4.00000000e+00  4.60111235e-01 
 1.64437328e-04  4.00000000e+00  4.63382028e-01 
 1.64937328e-04  4.00000000e+00  4.66634306e-01 
 1.65437328e-04  4.00000000e+00  4.69868124e-01 
 1.65937328e-04  4.00000000e+00  4.73083538e-01 
 1.66437328e-04  4.00000000e+00  4.76280605e-01 
 1.66937328e-04  4.00000000e+00  4.79459385e-01 
 1.67437328e-04  4.00000000e+00  4.82619939e-01 
 1.67937328e-04  4.00000000e+00  4.85762329e-01 
 1.68437328e-04  4.00000000e+00  4.88886621e-01 
 1.68937328e-04  4.00000000e+00  4.91992879e-01 
 1.69437328e-04  4.00000000e+00  4.95081172e-01 
 1.69937328e-04  4.00000000e+00  4.98151566e-01 
 1.70437328e-04  4.00000000e+00  5.01204132e-01 
 1.70937328e-04  4.00000000e+00  5.04238941e-01 
 1.71437328e-04  4.00000000e+00  5.07256063e-01 
 1.71937328e-04  4.00000000e+00  5.10255573e-01 
 1.72437328e-04  4.00000000e+00  5.13237542e-01 
 1.72937328e-04  4.00000000e+00  5.16202047e-01 
 1.73437328e-04  4.00000000e+00  5.19149161e-01 
 1.73937328e-04  4.00000000e+00  5.22078962e-01 
 1.74437328e-04  4.00000000e+00  5.24991526e-01 
 1.74937328e-04  4.00000000e+00  5.27886930e-01 
 1.75437328e-04  4.00000000e+00  5.30765252e-01 
 1.75937328e-04  4.00000000e+00  5.33626572e-01 
 1.76437328e-04  4.00000000e+00  5.36470968e-01 
 1.76937328e-04  4.00000000e+00  5.39298520e-01 
 1.77437328e-04  4.00000000e+00  5.42109308e-01 
 1.77937328e-04  4.00000000e+00  5.44903413e-01 
 1.78437328e-04  4.00000000e+00  5.47680915e-01 
 1.78937328e-04  4.00000000e+00  5.50441895e-01 
 1.79437328e-04  4.00000000e+00  5.53186435e-01 
 1.79937328e-04  4.00000000e+00  5.55914617e-01 
 1.80437328e-04  4.00000000e+00  5.58626523e-01 
 1.80937328e-04  4.00000000e+00  5.61322235e-01 
 1.81437328e-04  4.00000000e+00  5.64001835e-01 
 1.81937328e-04  4.00000000e+00  5.66665405e-01 
 1.82437328e-04  4.00000000e+00  5.69313029e-01 
 1.82937328e-04  4.00000000e+00  5.71944790e-01 
 1.83437328e-04  4.00000000e+00  5.74560769e-01 
 1.83937328e-04  4.00000000e+00  5.77161049e-01 
 1.84437328e-04  4.00000000e+00  5.79745715e-01 
 1.84937328e-04  4.00000000e+00  5.82314848e-01 
 1.85437328e-04  4.00000000e+00  5.84868531e-01 
 1.85937328e-04  4.00000000e+00  5.87406848e-01 
 1.86437328e-04  4.00000000e+00  5.89929880e-01 
 1.86937328e-04  4.00000000e+00  5.92437712e-01 
 1.87437328e-04  4.00000000e+00  5.94930424e-01 
 1.87937328e-04  4.00000000e+00  5.97408101e-01 
 1.88437328e-04  4.00000000e+00  5.99870824e-01 
 1.88937328e-04  4.00000000e+00  6.02318676e-01 
 1.89437328e-04  4.00000000e+00  6.04751739e-01 
 1.89937328e-04  4.00000000e+00  6.07170094e-01 
 1.90437328e-04  4.00000000e+00  6.09573824e-01 
 1.90937328e-04  4.00000000e+00  6.11963011e-01 
 1.91437328e-04  4.00000000e+00  6.14337735e-01 
 1.91937328e-04  4.00000000e+00  6.16698079e-01 
 1.92437328e-04  4.00000000e+00  6.19044123e-01 
 1.92937328e-04  4.00000000e+00  6.21375947e-01 
 1.93437328e-04  4.00000000e+00  6.23693633e-01 
 1.93937328e-04  4.00000000e+00  6.25997262e-01 
 1.94437328e-04  4.00000000e+00  6.28286912e-01 
 1.94937328e-04  4.00000000e+00  6.30562664e-01 
 1.95437328e-04  4.00000000e+00  6.32824598e-01 
 1.95937328e-04  4.00000000e+00  6.35072792e-01 
 1.96437328e-04  4.00000000e+00  6.37307327e-01 
 1.96937328e-04  4.00000000e+00  6.39528280e-01 
 1.97437328e-04  4.00000000e+00  6.41735730e-01 
 1.97937328e-04  4.00000000e+00  6.43929756e-01 
 1.98437328e-04  4.00000000e+00  6.46110434e-01 
 1.98937328e-04  4.00000000e+00  6.48277844e-01 
 1.99437328e-04  4.00000000e+00  6.50432061e-01 
 1.99937328e-04  4.00000000e+00  6.52573164e-01 
 2.00437328e-04  4.00000000e+00  6.54701228e-01 
 2.00937328e-04  4.00000000e+00  6.56816330e-01 
 2.01437328e-04  4.00000000e+00  6.58918546e-01 
 2.01937328e-04  4.00000000e+00  6.61007952e-01 
 2.02437328e-04  4.00000000e+00  6.63084622e-01 
 2.02937328e-04  4.00000000e+00  6.65148632e-01 
 2.03437328e-04  4.00000000e+00  6.67200057e-01 
 2.03937328e-04  4.00000000e+00  6.69238970e-01 
 2.04437328e-04  4.00000000e+00  6.71265446e-01 
 2.04937328e-04  4.00000000e+00  6.73279559e-01 
 2.05437328e-04  4.00000000e+00  6.75281381e-01 
 2.05937328e-04  4.00000000e+00  6.77270986e-01 
 2.06437328e-04  4.00000000e+00  6.79248446e-01 
 2.06937328e-04  4.00000000e+00  6.81213833e-01 
 2.07437328e-04  4.00000000e+00  6.83167219e-01 
 2.07937328e-04  4.00000000e+00  6.85108675e-01 
 2.08437328e-04  4.00000000e+00  6.87038274e-01 
 2.08937328e-04  4.00000000e+00  6.88956085e-01 
 2.09437328e-04  4.00000000e+00  6.90862179e-01 
 2.09937328e-04  4.00000000e+00  6.92756626e-01 
 2.10437328e-04  4.00000000e+00  6.94639496e-01 
 2.10937328e-04  4.00000000e+00  6.96510858e-01 
 2.11437328e-04  4.00000000e+00  6.98370781e-01 
 2.11937328e-04  4.00000000e+00  7.00219334e-01 
 2.12437328e-04  4.00000000e+00  7.02056584e-01 
 2.12937328e-04  4.00000000e+00  7.03882600e-01 
 2.13437328e-04  4.00000000e+00  7.05697450e-01 
 2.13937328e-04  4.00000000e+00  7.07501200e-01 
 2.14437328e-04  4.00000000e+00  7.09293918e-01 
 2.14937328e-04  4.00000000e+00  7.11075669e-01 
 2.15437328e-04  4.00000000e+00  7.12846521e-01 
 2.15937328e-04  4.00000000e+00  7.14606538e-01 
 2.16437328e-04  4.00000000e+00  7.16355786e-01 
 2.16937328e-04  4.00000000e+00  7.18094330e-01 
 2.17437328e-04  4.00000000e+00  7.19822234e-01 
 2.17937328e-04  4.00000000e+00  7.21539564e-01 
 2.18437328e-04  4.00000000e+00  7.23246382e-01 
 2.18937328e-04  4.00000000e+00  7.24942753e-01 
 2.19437328e-04  4.00000000e+00  7.26628740e-01 
 2.19937328e-04  4.00000000e+00  7.28304405e-01 
 2.20437328e-04  4.00000000e+00  7.29969811e-01 
 2.20937328e-04  4.00000000e+00  7.31625021e-01 
 2.21437328e-04  4.00000000e+00  7.33270096e-01 
 2.21937328e-04  4.00000000e+00  7.34905097e-01 
 2.22437328e-04  4.00000000e+00  7.36530086e-01 
 2.22937328e-04  4.00000000e+00  7.38145123e-01 
 2.23437328e-04  4.00000000e+00  7.39750269e-01 
 2.23937328e-04  4.00000000e+00  7.41345584e-01 
 2.24437328e-04  4.00000000e+00  7.42931128e-01 
 2.24937328e-04  4.00000000e+00  7.44506960e-01 
 2.25437328e-04  4.00000000e+00  7.46073138e-01 
 2.25937328e-04  4.00000000e+00  7.47629723e-01 
 2.26437328e-04  4.00000000e+00  7.49176771e-01 
 2.26937328e-04  4.00000000e+00  7.50714342e-01 
 2.27437328e-04  4.00000000e+00  7.52242493e-01 
 2.27937328e-04  4.00000000e+00  7.53761280e-01 
 2.28437328e-04  4.00000000e+00  7.55270762e-01 
 2.28937328e-04  4.00000000e+00  7.56770995e-01 
 2.29437328e-04  4.00000000e+00  7.58262034e-01 
 2.29937328e-04  4.00000000e+00  7.59743937e-01 
 2.30437328e-04  4.00000000e+00  7.61216759e-01 
 2.30937328e-04  4.00000000e+00  7.62680555e-01 
 2.31437328e-04  4.00000000e+00  7.64135381e-01 
 2.31937328e-04  4.00000000e+00  7.65581290e-01 
 2.32437328e-04  4.00000000e+00  7.67018338e-01 
 2.32937328e-04  4.00000000e+00  7.68446578e-01 
 2.33437328e-04  4.00000000e+00  7.69866064e-01 
 2.33937328e-04  4.00000000e+00  7.71276849e-01 
 2.34437328e-04  4.00000000e+00  7.72678988e-01 
 2.34937328e-04  4.00000000e+00  7.74072532e-01 
 2.35437328e-04  4.00000000e+00  7.75457534e-01 
 2.35937328e-04  4.00000000e+00  7.76834045e-01 
 2.36437328e-04  4.00000000e+00  7.78202119e-01 
 2.36937328e-04  4.00000000e+00  7.79561807e-01 
 2.37437328e-04  4.00000000e+00  7.80913159e-01 
 2.37937328e-04  4.00000000e+00  7.82256227e-01 
 2.38437328e-04  4.00000000e+00  7.83591061e-01 
 2.38937328e-04  4.00000000e+00  7.84917711e-01 
 2.39437328e-04  4.00000000e+00  7.86236228e-01 
 2.39937328e-04  4.00000000e+00  7.87546662e-01 
 2.40437328e-04  4.00000000e+00  7.88849061e-01 
 2.40937328e-04  4.00000000e+00  7.90143476e-01 
 2.41437328e-04  4.00000000e+00  7.91429954e-01 
 2.41937328e-04  4.00000000e+00  7.92708544e-01 
 2.42437328e-04  4.00000000e+00  7.93979294e-01 
 2.42937328e-04  4.00000000e+00  7.95242254e-01 
 2.43437328e-04  4.00000000e+00  7.96497469e-01 
 2.43937328e-04  4.00000000e+00  7.97744988e-01 
 2.44437328e-04  4.00000000e+00  7.98984857e-01 
 2.44937328e-04  4.00000000e+00  8.00217124e-01 
 2.45437328e-04  4.00000000e+00  8.01441834e-01 
 2.45937328e-04  4.00000000e+00  8.02659035e-01 
 2.46437328e-04  4.00000000e+00  8.03868772e-01 
 2.46937328e-04  4.00000000e+00  8.05071091e-01 
 2.47437328e-04  4.00000000e+00  8.06266036e-01 
 2.47937328e-04  4.00000000e+00  8.07453655e-01 
 2.48437328e-04  4.00000000e+00  8.08633990e-01 
 2.48937328e-04  4.00000000e+00  8.09807087e-01 
 2.49437328e-04  4.00000000e+00  8.10972991e-01 
 2.49937328e-04  4.00000000e+00  8.12131744e-01 
 2.50437328e-04  4.00000000e+00  8.13283391e-01 
 2.50937328e-04  4.00000000e+00  8.14427976e-01 
 2.51437328e-04  4.00000000e+00  8.15565542e-01 
 2.51937328e-04  4.00000000e+00  8.16696131e-01 
 2.52437328e-04  4.00000000e+00  8.17819787e-01 
 2.52937328e-04  4.00000000e+00  8.18936552e-01 
 2.53437328e-04  4.00000000e+00  8.20046467e-01 
 2.53937328e-04  4.00000000e+00  8.21149576e-01 
 2.54437328e-04  4.00000000e+00  8.22245920e-01 
 2.54937328e-04  4.00000000e+00  8.23335539e-01 
 2.55437328e-04  4.00000000e+00  8.24418477e-01 
 2.55937328e-04  4.00000000e+00  8.25494772e-01 
 2.56437328e-04  4.00000000e+00  8.26564467e-01 
 2.56937328e-04  4.00000000e+00  8.27627601e-01 
 2.57437328e-04  4.00000000e+00  8.28684215e-01 
 2.57937328e-04  4.00000000e+00  8.29734348e-01 
 2.58437328e-04  4.00000000e+00  8.30778041e-01 
 2.58937328e-04  4.00000000e+00  8.31815332e-01 
 2.59437328e-04  4.00000000e+00  8.32846262e-01 
 2.59937328e-04  4.00000000e+00  8.33870869e-01 
 2.60437328e-04  4.00000000e+00  8.34889191e-01 
 2.60937328e-04  4.00000000e+00  8.35901268e-01 
 2.61437328e-04  4.00000000e+00  8.36907137e-01 
 2.61937328e-04  4.00000000e+00  8.37906837e-01 
 2.62437328e-04  4.00000000e+00  8.38900406e-01 
 2.62937328e-04  4.00000000e+00  8.39887880e-01 
 2.63437328e-04  4.00000000e+00  8.40869298e-01 
 2.63937328e-04  4.00000000e+00  8.41844696e-01 
 2.64437328e-04  4.00000000e+00  8.42814112e-01 
 2.64937328e-04  4.00000000e+00  8.43777582e-01 
 2.65437328e-04  4.00000000e+00  8.44735142e-01 
 2.65937328e-04  4.00000000e+00  8.45686829e-01 
 2.66437328e-04  4.00000000e+00  8.46632679e-01 
 2.66937328e-04  4.00000000e+00  8.47572728e-01 
 2.67437328e-04  4.00000000e+00  8.48507010e-01 
 2.67937328e-04  4.00000000e+00  8.49435562e-01 
 2.68437328e-04  4.00000000e+00  8.50358419e-01 
 2.68937328e-04  4.00000000e+00  8.51275615e-01 
 2.69437328e-04  4.00000000e+00  8.52187186e-01 
 2.69937328e-04  4.00000000e+00  8.53093165e-01 
 2.70437328e-04  4.00000000e+00  8.53993587e-01 
 2.70937328e-04  4.00000000e+00  8.54888486e-01 
 2.71437328e-04  4.00000000e+00  8.55777896e-01 
 2.71937328e-04  4.00000000e+00  8.56661851e-01 
 2.72437328e-04  4.00000000e+00  8.57540384e-01 
 2.72937328e-04  4.00000000e+00  8.58413528e-01 
 2.73437328e-04  4.00000000e+00  8.59281316e-01 
 2.73937328e-04  4.00000000e+00  8.60143782e-01 
 2.74437328e-04  4.00000000e+00  8.61000957e-01 
 2.74937328e-04  4.00000000e+00  8.61852875e-01 
 2.75437328e-04  4.00000000e+00  8.62699567e-01 
 2.75937328e-04  4.00000000e+00  8.63541066e-01 
 2.76437328e-04  4.00000000e+00  8.64377403e-01 
 2.76937328e-04  4.00000000e+00  8.65208610e-01 
 2.77437328e-04  4.00000000e+00  8.66034718e-01 
 2.77937328e-04  4.00000000e+00  8.66855760e-01 
 2.78437328e-04  4.00000000e+00  8.67671765e-01 
 2.78937328e-04  4.00000000e+00  8.68482765e-01 
 2.79437328e-04  4.00000000e+00  8.69288790e-01 
 2.79937328e-04  4.00000000e+00  8.70089871e-01 
 2.80437328e-04  4.00000000e+00  8.70886039e-01 
 2.80937328e-04  4.00000000e+00  8.71677323e-01 
 2.81437328e-04  4.00000000e+00  8.72463753e-01 
 2.81937328e-04  4.00000000e+00  8.73245359e-01 
 2.82437328e-04  4.00000000e+00  8.74022171e-01 
 2.82937328e-04  4.00000000e+00  8.74794218e-01 
 2.83437328e-04  4.00000000e+00  8.75561530e-01 
 2.83937328e-04  4.00000000e+00  8.76324134e-01 
 2.84437328e-04  4.00000000e+00  8.77082061e-01 
 2.84937328e-04  4.00000000e+00  8.77835339e-01 
 2.85437328e-04  4.00000000e+00  8.78583996e-01 
 2.85937328e-04  4.00000000e+00  8.79328062e-01 
 2.86437328e-04  4.00000000e+00  8.80067562e-01 
 2.86937328e-04  4.00000000e+00  8.80802527e-01 
 2.87437328e-04  4.00000000e+00  8.81532984e-01 
 2.87937328e-04  4.00000000e+00  8.82258960e-01 
 2.88437328e-04  4.00000000e+00  8.82980483e-01 
 2.88937328e-04  4.00000000e+00  8.83697580e-01 
 2.89437328e-04  4.00000000e+00  8.84410278e-01 
 2.89937328e-04  4.00000000e+00  8.85118605e-01 
 2.90437328e-04  4.00000000e+00  8.85822587e-01 
 2.90937328e-04  4.00000000e+00  8.86522250e-01 
 2.91437328e-04  4.00000000e+00  8.87217622e-01 
 2.91937328e-04  4.00000000e+00  8.87908728e-01 
 2.92437328e-04  4.00000000e+00  8.88595595e-01 
 2.92937328e-04  4.00000000e+00  8.89278249e-01 
 2.93437328e-04  4.00000000e+00  8.89956716e-01 
 2.93937328e-04  4.00000000e+00  8.90631020e-01 
 2.94437328e-04  4.00000000e+00  8.91301189e-01 
 2.94937328e-04  4.00000000e+00  8.91967246e-01 
 2.95437328e-04  4.00000000e+00  8.92629218e-01 
 2.95937328e-04  4.00000000e+00  8.93287130e-01 
 2.96437328e-04  4.00000000e+00  8.93941006e-01 
 2.96937328e-04  4.00000000e+00  8.94590871e-01 
 2.97437328e-04  4.00000000e+00  8.95236749e-01 
 2.97937328e-04  4.00000000e+00  8.95878666e-01 
 2.98437328e-04  4.00000000e+00  8.96516645e-01 
 2.98937328e-04  4.00000000e+00  8.97150711e-01 
 2.99437328e-04  4.00000000e+00  8.97780887e-01 
 2.99937328e-04  4.00000000e+00  8.98407198e-01 
 3.00437328e-04  4.00000000e+00  8.99029667e-01 
 3.00937328e-04  4.00000000e+00  8.99648318e-01 
 3.01437328e-04  4.00000000e+00  9.00263173e-01 
 3.01937328e-04  4.00000000e+00  9.00874258e-01 
 3.02437328e-04  4.00000000e+00  9.01481594e-01 
 3.02937328e-04  4.00000000e+00  9.02085204e-01 
 3.03437328e-04  4.00000000e+00  9.02685112e-01 
 3.03937328e-04  4.00000000e+00  9.03281340e-01 
 3.04437328e-04  4.00000000e+00  9.03873910e-01 
 3.04937328e-04  4.00000000e+00  9.04462846e-01 
 3.05437328e-04  4.00000000e+00  9.05048169e-01 
 3.05937328e-04  4.00000000e+00  9.05629902e-01 
 3.06437328e-04  4.00000000e+00  9.06208066e-01 
 3.06937328e-04  4.00000000e+00  9.06782684e-01 
 3.07437328e-04  4.00000000e+00  9.07353777e-01 
 3.07937328e-04  4.00000000e+00  9.07921367e-01 
 3.08437328e-04  4.00000000e+00  9.08485476e-01 
 3.08937328e-04  4.00000000e+00  9.09046124e-01 
 3.09437328e-04  4.00000000e+00  9.09603333e-01 
 3.09937328e-04  4.00000000e+00  9.10157124e-01 
 3.10437328e-04  4.00000000e+00  9.10707517e-01 
 3.10937328e-04  4.00000000e+00  9.11254535e-01 
 3.11437328e-04  4.00000000e+00  9.11798198e-01 
 3.11937328e-04  4.00000000e+00  9.12338525e-01 
 3.12437328e-04  4.00000000e+00  9.12875538e-01 
 3.12937328e-04  4.00000000e+00  9.13409257e-01 
 3.13437328e-04  4.00000000e+00  9.13939702e-01 
 3.13937328e-04  4.00000000e+00  9.14466893e-01 
 3.14437328e-04  4.00000000e+00  9.14990851e-01 
 3.14937328e-04  4.00000000e+00  9.15511594e-01 
 3.15437328e-04  4.00000000e+00  9.16029143e-01 
 3.15937328e-04  4.00000000e+00  9.16543518e-01 
 3.16437328e-04  4.00000000e+00  9.17054737e-01 
 3.16937328e-04  4.00000000e+00  9.17562820e-01 
 3.17437328e-04  4.00000000e+00  9.18067787e-01 
 3.17937328e-04  4.00000000e+00  9.18569656e-01 
 3.18437328e-04  4.00000000e+00  9.19068446e-01 
 3.18937328e-04  4.00000000e+00  9.19564177e-01 
 3.19437328e-04  4.00000000e+00  9.20056868e-01 
 3.19937328e-04  4.00000000e+00  9.20546535e-01 
 3.20437328e-04  4.00000000e+00  9.21033200e-01 
 3.20937328e-04  4.00000000e+00  9.21516879e-01 
 3.21437328e-04  4.00000000e+00  9.21997591e-01 
 3.21937328e-04  4.00000000e+00  9.22475354e-01 
 3.22437328e-04  4.00000000e+00  9.22950187e-01 
 3.22937328e-04  4.00000000e+00  9.23422107e-01 
 3.23437328e-04  4.00000000e+00  9.23891132e-01 
 3.23937328e-04  4.00000000e+00  9.24357280e-01 
 3.24437328e-04  4.00000000e+00  9.24820568e-01 
 3.24937328e-04  4.00000000e+00  9.25281015e-01 
 3.25437328e-04  4.00000000e+00  9.25738638e-01 
 3.25937328e-04  4.00000000e+00  9.26193453e-01 
 3.26437328e-04  4.00000000e+00  9.26645478e-01 
 3.26937328e-04  4.00000000e+00  9.27094731e-01 
 3.27437328e-04  4.00000000e+00  9.27541228e-01 
 3.27937328e-04  4.00000000e+00  9.27984986e-01 
 3.28437328e-04  4.00000000e+00  9.28426022e-01 
 3.28937328e-04  4.00000000e+00  9.28864352e-01 
 3.29437328e-04  4.00000000e+00  9.29299994e-01 
 3.29937328e-04  4.00000000e+00  9.29732964e-01 
 3.30437328e-04  4.00000000e+00  9.30163277e-01 
 3.30937328e-04  4.00000000e+00  9.30590951e-01 
 3.31437328e-04  4.00000000e+00  9.31016002e-01 
 3.31937328e-04  4.00000000e+00  9.31438445e-01 
 3.32437328e-04  4.00000000e+00  9.31858297e-01 
 3.32937328e-04  4.00000000e+00  9.32275574e-01 
 3.33437328e-04  4.00000000e+00  9.32690291e-01 
 3.33937328e-04  4.00000000e+00  9.33102464e-01 
 3.34437328e-04  4.00000000e+00  9.33512108e-01 
 3.34937328e-04  4.00000000e+00  9.33919240e-01 
 3.35437328e-04  4.00000000e+00  9.34323875e-01 
 3.35937328e-04  4.00000000e+00  9.34726027e-01 
 3.36437328e-04  4.00000000e+00  9.35125713e-01 
 3.36937328e-04  4.00000000e+00  9.35522947e-01 
 3.37437328e-04  4.00000000e+00  9.35917744e-01 
 3.37937328e-04  4.00000000e+00  9.36310119e-01 
 3.38437328e-04  4.00000000e+00  9.36700088e-01 
 3.38937328e-04  4.00000000e+00  9.37087664e-01 
 3.39437328e-04  4.00000000e+00  9.37472863e-01 
 3.39937328e-04  4.00000000e+00  9.37855699e-01 
 3.40437328e-04  4.00000000e+00  9.38236187e-01 
 3.40937328e-04  4.00000000e+00  9.38614341e-01 
 3.41437328e-04  4.00000000e+00  9.38990175e-01 
 3.41937328e-04  4.00000000e+00  9.39363704e-01 
 3.42437328e-04  4.00000000e+00  9.39734941e-01 
 3.42937328e-04  4.00000000e+00  9.40103902e-01 
 3.43437328e-04  4.00000000e+00  9.40470599e-01 
 3.43937328e-04  4.00000000e+00  9.40835046e-01 
 3.44437328e-04  4.00000000e+00  9.41197259e-01 
 3.44937328e-04  4.00000000e+00  9.41557249e-01 
 3.45437328e-04  4.00000000e+00  9.41915031e-01 
 3.45937328e-04  4.00000000e+00  9.42270618e-01 
 3.46437328e-04  4.00000000e+00  9.42624024e-01 
 3.46937328e-04  4.00000000e+00  9.42975263e-01 
 3.47437328e-04  4.00000000e+00  9.43324346e-01 
 3.47937328e-04  4.00000000e+00  9.43671289e-01 
 3.48437328e-04  4.00000000e+00  9.44016103e-01 
 3.48937328e-04  4.00000000e+00  9.44358802e-01 
 3.49437328e-04  4.00000000e+00  9.44699399e-01 
 3.49937328e-04  4.00000000e+00  9.45037907e-01 
 3.50437328e-04  4.00000000e+00  9.45374338e-01 
 3.50937328e-04  4.00000000e+00  9.45708706e-01 
 3.51437328e-04  4.00000000e+00  9.46041022e-01 
 3.51937328e-04  4.00000000e+00  9.46371300e-01 
 3.52437328e-04  4.00000000e+00  9.46699552e-01 
 3.52937328e-04  4.00000000e+00  9.47025791e-01 
 3.53437328e-04  4.00000000e+00  9.47350028e-01 
 3.53937328e-04  4.00000000e+00  9.47672276e-01 
 3.54437328e-04  4.00000000e+00  9.47992548e-01 
 3.54937328e-04  4.00000000e+00  9.48310855e-01 
 3.55437328e-04  4.00000000e+00  9.48627210e-01 
 3.55937328e-04  4.00000000e+00  9.48941624e-01 
 3.56437328e-04  4.00000000e+00  9.49254109e-01 
 3.56937328e-04  4.00000000e+00  9.49564677e-01 
 3.57437328e-04  4.00000000e+00  9.49873341e-01 
 3.57937328e-04  4.00000000e+00  9.50180111e-01 
 3.58437328e-04  4.00000000e+00  9.50484999e-01 
 3.58937328e-04  4.00000000e+00  9.50788017e-01 
 3.59437328e-04  4.00000000e+00  9.51089177e-01 
 3.59937328e-04  4.00000000e+00  9.51388489e-01 
 3.60437328e-04  4.00000000e+00  9.51685965e-01 
 3.60937328e-04  4.00000000e+00  9.51981616e-01 
 3.61437328e-04  4.00000000e+00  9.52275454e-01 
 3.61937328e-04  4.00000000e+00  9.52567489e-01 
 3.62437328e-04  4.00000000e+00  9.52857733e-01 
 3.62937328e-04  4.00000000e+00  9.53146196e-01 
 3.63437328e-04  4.00000000e+00  9.53432890e-01 
 3.63937328e-04  4.00000000e+00  9.53717826e-01 
 3.64437328e-04  4.00000000e+00  9.54001013e-01 
 3.64937328e-04  4.00000000e+00  9.54282463e-01 
 3.65437328e-04  4.00000000e+00  9.54562187e-01 
 3.65937328e-04  4.00000000e+00  9.54840196e-01 
 3.66437328e-04  4.00000000e+00  9.55116498e-01 
 3.66937328e-04  4.00000000e+00  9.55391106e-01 
 3.67437328e-04  4.00000000e+00  9.55664030e-01 
 3.67937328e-04  4.00000000e+00  9.55935279e-01 
 3.68437328e-04  4.00000000e+00  9.56204864e-01 
 3.68937328e-04  4.00000000e+00  9.56472796e-01 
 3.69437328e-04  4.00000000e+00  9.56739084e-01 
 3.69937328e-04  4.00000000e+00  9.57003739e-01 
 3.70437328e-04  4.00000000e+00  9.57266770e-01 
 3.70937328e-04  4.00000000e+00  9.57528188e-01 
 3.71437328e-04  4.00000000e+00  9.57788002e-01 
 3.71937328e-04  4.00000000e+00  9.58046223e-01 
 3.72437328e-04  4.00000000e+00  9.58302860e-01 
 3.72937328e-04  4.00000000e+00  9.58557922e-01 
 3.73437328e-04  4.00000000e+00  9.58811420e-01 
 3.73937328e-04  4.00000000e+00  9.59063363e-01 
 3.74437328e-04  4.00000000e+00  9.59313760e-01 
 3.74937328e-04  4.00000000e+00  9.59562621e-01 
 3.75437328e-04  4.00000000e+00  9.59809956e-01 
 3.75937328e-04  4.00000000e+00  9.60055774e-01 
 3.76437328e-04  4.00000000e+00  9.60300083e-01 
 3.76937328e-04  4.00000000e+00  9.60542895e-01 
 3.77437328e-04  4.00000000e+00  9.60784216e-01 
 3.77937328e-04  4.00000000e+00  9.61024058e-01 
 3.78437328e-04  4.00000000e+00  9.61262428e-01 
 3.78937328e-04  4.00000000e+00  9.61499336e-01 
 3.79437328e-04  4.00000000e+00  9.61734791e-01 
 3.79937328e-04  4.00000000e+00  9.61968801e-01 
 3.80437328e-04  4.00000000e+00  9.62201376e-01 
 3.80937328e-04  4.00000000e+00  9.62432525e-01 
 3.81437328e-04  4.00000000e+00  9.62662255e-01 
 3.81937328e-04  4.00000000e+00  9.62890576e-01 
 3.82437328e-04  4.00000000e+00  9.63117497e-01 
 3.82937328e-04  4.00000000e+00  9.63343026e-01 
 3.83437328e-04  4.00000000e+00  9.63567171e-01 
 3.83937328e-04  4.00000000e+00  9.63789942e-01 
 3.84437328e-04  4.00000000e+00  9.64011345e-01 
 3.84937328e-04  4.00000000e+00  9.64231391e-01 
 3.85437328e-04  4.00000000e+00  9.64450087e-01 
 3.85937328e-04  4.00000000e+00  9.64667442e-01 
 3.86437328e-04  4.00000000e+00  9.64883463e-01 
 3.86937328e-04  4.00000000e+00  9.65098159e-01 
 3.87437328e-04  4.00000000e+00  9.65311538e-01 
 3.87937328e-04  4.00000000e+00  9.65523608e-01 
 3.88437328e-04  4.00000000e+00  9.65734378e-01 
 3.88937328e-04  4.00000000e+00  9.65943854e-01 
 3.89437328e-04  4.00000000e+00  9.66152046e-01 
 3.89937328e-04  4.00000000e+00  9.66358960e-01 
 3.90437328e-04  4.00000000e+00  9.66564606e-01 
 3.90937328e-04  4.00000000e+00  9.66768989e-01 
 3.91437328e-04  4.00000000e+00  9.66972119e-01 
 3.91937328e-04  4.00000000e+00  9.67174003e-01 
 3.92437328e-04  4.00000000e+00  9.67374649e-01 
 3.92937328e-04  4.00000000e+00  9.67574064e-01 
 3.93437328e-04  4.00000000e+00  9.67772256e-01 
 3.93937328e-04  4.00000000e+00  9.67969231e-01 
 3.94437328e-04  4.00000000e+00  9.68164999e-01 
 3.94937328e-04  4.00000000e+00  9.68359566e-01 
 3.95437328e-04  4.00000000e+00  9.68552939e-01 
 3.95937328e-04  4.00000000e+00  9.68745126e-01 
 3.96437328e-04  4.00000000e+00  9.68936134e-01 
 3.96937328e-04  4.00000000e+00  9.69125971e-01 
 3.97437328e-04  4.00000000e+00  9.69314643e-01 
 3.97937328e-04  4.00000000e+00  9.69502158e-01 
 3.98437328e-04  4.00000000e+00  9.69688522e-01 
 3.98937328e-04  4.00000000e+00  9.69873743e-01 
 3.99437328e-04  4.00000000e+00  9.70057828e-01 
 3.99937328e-04  4.00000000e+00  9.70240784e-01 
 4.00437328e-04  4.00000000e+00  9.70422618e-01 
 4.00937328e-04  4.00000000e+00  9.70603336e-01 
 4.01437328e-04  4.00000000e+00  9.70782946e-01 
 4.01937328e-04  4.00000000e+00  9.70961454e-01 
 4.02437328e-04  4.00000000e+00  9.71138867e-01 
 4.02937328e-04  4.00000000e+00  9.71315191e-01 
 4.03437328e-04  4.00000000e+00  9.71490434e-01 
 4.03937328e-04  4.00000000e+00  9.71664603e-01 
 4.04437328e-04  4.00000000e+00  9.71837702e-01 
 4.04937328e-04  4.00000000e+00  9.72009740e-01 
 4.05437328e-04  4.00000000e+00  9.72180723e-01 
 4.05937328e-04  4.00000000e+00  9.72350657e-01 
 4.06437328e-04  4.00000000e+00  9.72519548e-01 
 4.06937328e-04  4.00000000e+00  9.72687403e-01 
 4.07437328e-04  4.00000000e+00  9.72854229e-01 
 4.07937328e-04  4.00000000e+00  9.73020032e-01 
 4.08437328e-04  4.00000000e+00  9.73184817e-01 
 4.08937328e-04  4.00000000e+00  9.73348592e-01 
 4.09437328e-04  4.00000000e+00  9.73511362e-01 
 4.09937328e-04  4.00000000e+00  9.73673133e-01 
 4.10437328e-04  4.00000000e+00  9.73833912e-01 
 4.10937328e-04  4.00000000e+00  9.73993705e-01 
 4.11437328e-04  4.00000000e+00  9.74152518e-01 
 4.11937328e-04  4.00000000e+00  9.74310356e-01 
 4.12437328e-04  4.00000000e+00  9.74467227e-01 
 4.12937328e-04  4.00000000e+00  9.74623135e-01 
 4.13437328e-04  4.00000000e+00  9.74778087e-01 
 4.13937328e-04  4.00000000e+00  9.74932088e-01 
 4.14437328e-04  4.00000000e+00  9.75085144e-01 
 4.14937328e-04  4.00000000e+00  9.75237262e-01 
 4.15437328e-04  4.00000000e+00  9.75388447e-01 
 4.15937328e-04  4.00000000e+00  9.75538704e-01 
 4.16437328e-04  4.00000000e+00  9.75688039e-01 
 4.16937328e-04  4.00000000e+00  9.75836459e-01 
 4.17437328e-04  4.00000000e+00  9.75983968e-01 
 4.17937328e-04  4.00000000e+00  9.76130572e-01 
 4.18437328e-04  4.00000000e+00  9.76276277e-01 
 4.18937328e-04  4.00000000e+00  9.76421088e-01 
 4.19437328e-04  4.00000000e+00  9.76565011e-01 
 4.19937328e-04  4.00000000e+00  9.76708051e-01 
 4.20437328e-04  4.00000000e+00  9.76850214e-01 
 4.20937328e-04  4.00000000e+00  9.76991504e-01 
 4.21437328e-04  4.00000000e+00  9.77131928e-01 
 4.21937328e-04  4.00000000e+00  9.77271491e-01 
 4.22437328e-04  4.00000000e+00  9.77410197e-01 
 4.22937328e-04  4.00000000e+00  9.77548053e-01 
 4.23437328e-04  4.00000000e+00  9.77685063e-01 
 4.23937328e-04  4.00000000e+00  9.77821232e-01 
 4.24437328e-04  4.00000000e+00  9.77956566e-01 
 4.24937328e-04  4.00000000e+00  9.78091070e-01 
 4.25437328e-04  4.00000000e+00  9.78224749e-01 
 4.25937328e-04  4.00000000e+00  9.78357608e-01 
 4.26437328e-04  4.00000000e+00  9.78489652e-01 
 4.26937328e-04  4.00000000e+00  9.78620886e-01 
 4.27437328e-04  4.00000000e+00  9.78751315e-01 
 4.27937328e-04  4.00000000e+00  9.78880944e-01 
 4.28437328e-04  4.00000000e+00  9.79009778e-01 
 4.28937328e-04  4.00000000e+00  9.79137822e-01 
 4.29437328e-04  4.00000000e+00  9.79265080e-01 
 4.29937328e-04  4.00000000e+00  9.79391557e-01 
 4.30437328e-04  4.00000000e+00  9.79517259e-01 
 4.30937328e-04  4.00000000e+00  9.79642189e-01 
 4.31437328e-04  4.00000000e+00  9.79766353e-01 
 4.31937328e-04  4.00000000e+00  9.79889756e-01 
 4.32437328e-04  4.00000000e+00  9.80012402e-01 
 4.32937328e-04  4.00000000e+00  9.80134295e-01 
 4.33437328e-04  4.00000000e+00  9.80255441e-01 
 4.33937328e-04  4.00000000e+00  9.80375843e-01 
 4.34437328e-04  4.00000000e+00  9.80495507e-01 
 4.34937328e-04  4.00000000e+00  9.80614437e-01 
 4.35437328e-04  4.00000000e+00  9.80732637e-01 
 4.35937328e-04  4.00000000e+00  9.80850112e-01 
 4.36437328e-04  4.00000000e+00  9.80966867e-01 
 4.36937328e-04  4.00000000e+00  9.81082906e-01 
 4.37437328e-04  4.00000000e+00  9.81198232e-01 
 4.37937328e-04  4.00000000e+00  9.81312852e-01 
 4.38437328e-04  4.00000000e+00  9.81426768e-01 
 4.38937328e-04  4.00000000e+00  9.81539985e-01 
 4.39437328e-04  4.00000000e+00  9.81652508e-01 
 4.39937328e-04  4.00000000e+00  9.81764341e-01 
 4.40437328e-04  4.00000000e+00  9.81875487e-01 
 4.40937328e-04  4.00000000e+00  9.81985952e-01 
 4.41437328e-04  4.00000000e+00  9.82095739e-01 
 4.41937328e-04  4.00000000e+00  9.82204853e-01 
 4.42437328e-04  4.00000000e+00  9.82313298e-01 
 4.42937328e-04  4.00000000e+00  9.82421077e-01 
 4.43437328e-04  4.00000000e+00  9.82528195e-01 
 4.43937328e-04  4.00000000e+00  9.82634656e-01 
 4.44437328e-04  4.00000000e+00  9.82740464e-01 
 4.44937328e-04  4.00000000e+00  9.82845623e-01 
 4.45437328e-04  4.00000000e+00  9.82950137e-01 
 4.45937328e-04  4.00000000e+00  9.83054010e-01 
 4.46437328e-04  4.00000000e+00  9.83157246e-01 
 4.46937328e-04  4.00000000e+00  9.83259848e-01 
 4.47437328e-04  4.00000000e+00  9.83361821e-01 
 4.47937328e-04  4.00000000e+00  9.83463169e-01 
 4.48437328e-04  4.00000000e+00  9.83563895e-01 
 4.48937328e-04  4.00000000e+00  9.83664003e-01 
 4.49437328e-04  4.00000000e+00  9.83763497e-01 
 4.49937328e-04  4.00000000e+00  9.83862380e-01 
 4.50437328e-04  4.00000000e+00  9.83960657e-01 
 4.50937328e-04  4.00000000e+00  9.84058332e-01 
 4.51437328e-04  4.00000000e+00  9.84155407e-01 
 4.51937328e-04  4.00000000e+00  9.84251886e-01 
 4.52437328e-04  4.00000000e+00  9.84347774e-01 
 4.52937328e-04  4.00000000e+00  9.84443074e-01 
 4.53437328e-04  4.00000000e+00  9.84537789e-01 
 4.53937328e-04  4.00000000e+00  9.84631923e-01 
 4.54437328e-04  4.00000000e+00  9.84725479e-01 
 4.54937328e-04  4.00000000e+00  9.84818462e-01 
 4.55437328e-04  4.00000000e+00  9.84910874e-01 
 4.55937328e-04  4.00000000e+00  9.85002720e-01 
 4.56437328e-04  4.00000000e+00  9.85094002e-01 
 4.56937328e-04  4.00000000e+00  9.85184724e-01 
 4.57437328e-04  4.00000000e+00  9.85274889e-01 
 4.57937328e-04  4.00000000e+00  9.85364502e-01 
 4.58437328e-04  4.00000000e+00  9.85453565e-01 
 4.58937328e-04  4.00000000e+00  9.85542081e-01 
 4.59437328e-04  4.00000000e+00  9.85630055e-01 
 4.59937328e-04  4.00000000e+00  9.85717489e-01 
 4.60437328e-04  4.00000000e+00  9.85804386e-01 
 4.60937328e-04  4.00000000e+00  9.85890751e-01 
 4.61437328e-04  4.00000000e+00  9.85976585e-01 
 4.61937328e-04  4.00000000e+00  9.86061894e-01 
 4.62437328e-04  4.00000000e+00  9.86146679e-01 
 4.62937328e-04  4.00000000e+00  9.86230944e-01 
 4.63437328e-04  4.00000000e+00  9.86314692e-01 
 4.63937328e-04  4.00000000e+00  9.86397926e-01 
 4.64437328e-04  4.00000000e+00  9.86480649e-01 
 4.64937328e-04  4.00000000e+00  9.86562866e-01 
 4.65437328e-04  4.00000000e+00  9.86644578e-01 
 4.65937328e-04  4.00000000e+00  9.86725788e-01 
 4.66437328e-04  4.00000000e+00  9.86806501e-01 
 4.66937328e-04  4.00000000e+00  9.86886718e-01 
 4.67437328e-04  4.00000000e+00  9.86966444e-01 
 4.67937328e-04  4.00000000e+00  9.87045680e-01 
 4.68437328e-04  4.00000000e+00  9.87124430e-01 
 4.68937328e-04  4.00000000e+00  9.87202697e-01 
 4.69437328e-04  4.00000000e+00  9.87280485e-01 
 4.69937328e-04  4.00000000e+00  9.87357795e-01 
 4.70437328e-04  4.00000000e+00  9.87434630e-01 
 4.70937328e-04  4.00000000e+00  9.87510995e-01 
 4.71437328e-04  4.00000000e+00  9.87586891e-01 
 4.71937328e-04  4.00000000e+00  9.87662321e-01 
 4.72437328e-04  4.00000000e+00  9.87737289e-01 
 4.72937328e-04  4.00000000e+00  9.87811797e-01 
 4.73437328e-04  4.00000000e+00  9.87885847e-01 
 4.73937328e-04  4.00000000e+00  9.87959444e-01 
 4.74437328e-04  4.00000000e+00  9.88032589e-01 
 4.74937328e-04  4.00000000e+00  9.88105286e-01 
 4.75437328e-04  4.00000000e+00  9.88177536e-01 
 4.75937328e-04  4.00000000e+00  9.88249343e-01 
 4.76437328e-04  4.00000000e+00  9.88320710e-01 
 4.76937328e-04  4.00000000e+00  9.88391639e-01 
 4.77437328e-04  4.00000000e+00  9.88462133e-01 
 4.77937328e-04  4.00000000e+00  9.88532195e-01 
 4.78437328e-04  4.00000000e+00  9.88601827e-01 
 4.78937328e-04  4.00000000e+00  9.88671031e-01 
 4.79437328e-04  4.00000000e+00  9.88739812e-01 
 4.79937328e-04  4.00000000e+00  9.88808170e-01 
 4.80437328e-04  4.00000000e+00  9.88876109e-01 
 4.80937328e-04  4.00000000e+00  9.88943631e-01 
 4.81437328e-04  4.00000000e+00  9.89010739e-01 
 4.81937328e-04  4.00000000e+00  9.89077435e-01 
 4.82437328e-04  4.00000000e+00  9.89143723e-01 
 4.82937328e-04  4.00000000e+00  9.89209603e-01 
 4.83437328e-04  4.00000000e+00  9.89275080e-01 
 4.83937328e-04  4.00000000e+00  9.89340155e-01 
 4.84437328e-04  4.00000000e+00  9.89404830e-01 
 4.84937328e-04  4.00000000e+00  9.89469109e-01 
 4.85437328e-04  4.00000000e+00  9.89532994e-01 
 4.85937328e-04  4.00000000e+00  9.89596487e-01 
 4.86437328e-04  4.00000000e+00  9.89659590e-01 
 4.86937328e-04  4.00000000e+00  9.89722306e-01 
 4.87437328e-04  4.00000000e+00  9.89784638e-01 
 4.87937328e-04  4.00000000e+00  9.89846587e-01 
 4.88437328e-04  4.00000000e+00  9.89908156e-01 
 4.88937328e-04  4.00000000e+00  9.89969348e-01 
 4.89437328e-04  4.00000000e+00  9.90030164e-01 
 4.89937328e-04  4.00000000e+00  9.90090607e-01 
 4.90437328e-04  4.00000000e+00  9.90150679e-01 
 4.90937328e-04  4.00000000e+00  9.90210383e-01 
 4.91437328e-04  4.00000000e+00  9.90269720e-01 
 4.91937328e-04  4.00000000e+00  9.90328694e-01 
 4.92437328e-04  4.00000000e+00  9.90387306e-01 
 4.92937328e-04  4.00000000e+00  9.90445558e-01 
 4.93437328e-04  4.00000000e+00  9.90503453e-01 
 4.93937328e-04  4.00000000e+00  9.90560993e-01 
 4.94437328e-04  4.00000000e+00  9.90618180e-01 
 4.94937328e-04  4.00000000e+00  9.90675016e-01 
 4.95437328e-04  4.00000000e+00  9.90731504e-01 
 4.95937328e-04  4.00000000e+00  9.90787645e-01 
 4.96437328e-04  4.00000000e+00  9.90843441e-01 
 4.96937328e-04  4.00000000e+00  9.90898895e-01 
 4.97437328e-04  4.00000000e+00  9.90954010e-01 
 4.97937328e-04  4.00000000e+00  9.91008786e-01 
 4.98437328e-04  4.00000000e+00  9.91063226e-01 
 4.98937328e-04  4.00000000e+00  9.91117332e-01 
 4.99437328e-04  4.00000000e+00  9.91171106e-01 
 4.99937328e-04  4.00000000e+00  9.91224551e-01 
 5.00437328e-04  4.00000000e+00  9.91277667e-01 
 5.00937328e-04  4.00000000e+00  9.91330458e-01 
 5.01437328e-04  4.00000000e+00  9.91382925e-01 
 5.01937328e-04  4.00000000e+00  9.91435070e-01 
 5.02437328e-04  4.00000000e+00  9.91486895e-01 
 5.02937328e-04  4.00000000e+00  9.91538402e-01 
 5.03437328e-04  4.00000000e+00  9.91589594e-01 
 5.03937328e-04  4.00000000e+00  9.91640471e-01 
 5.04437328e-04  4.00000000e+00  9.91691036e-01 
 5.04937328e-04  4.00000000e+00  9.91741291e-01 
 5.05437328e-04  4.00000000e+00  9.91791238e-01 
 5.05937328e-04  4.00000000e+00  9.91840879e-01 
 5.06437328e-04  4.00000000e+00  9.91890215e-01 
 5.06937328e-04  4.00000000e+00  9.91939248e-01 
 5.07437328e-04  4.00000000e+00  9.91987980e-01 
 5.07937328e-04  4.00000000e+00  9.92036414e-01 
 5.08437328e-04  4.00000000e+00  9.92084550e-01 
 5.08937328e-04  4.00000000e+00  9.92132392e-01 
 5.09437328e-04  4.00000000e+00  9.92179939e-01 
 5.09937328e-04  4.00000000e+00  9.92227195e-01 
 5.10437328e-04  4.00000000e+00  9.92274162e-01 
 5.10937328e-04  4.00000000e+00  9.92320840e-01 
 5.11437328e-04  4.00000000e+00  9.92367232e-01 
 5.11937328e-04  4.00000000e+00  9.92413339e-01 
 5.12437328e-04  4.00000000e+00  9.92459163e-01 
 5.12937328e-04  4.00000000e+00  9.92504706e-01 
 5.13437328e-04  4.00000000e+00  9.92549970e-01 
 5.13937328e-04  4.00000000e+00  9.92594957e-01 
 5.14437328e-04  4.00000000e+00  9.92639667e-01 
 5.14937328e-04  4.00000000e+00  9.92684103e-01 
 5.15437328e-04  4.00000000e+00  9.92728266e-01 
 5.15937328e-04  4.00000000e+00  9.92772159e-01 
 5.16437328e-04  4.00000000e+00  9.92815782e-01 
 5.16937328e-04  4.00000000e+00  9.92859138e-01 
 5.17437328e-04  4.00000000e+00  9.92902228e-01 
 5.17937328e-04  4.00000000e+00  9.92945053e-01 
 5.18437328e-04  4.00000000e+00  9.92987616e-01 
 5.18937328e-04  4.00000000e+00  9.93029918e-01 
 5.19437328e-04  4.00000000e+00  9.93071960e-01 
 5.19937328e-04  4.00000000e+00  9.93113744e-01 
 5.20437328e-04  4.00000000e+00  9.93155272e-01 
 5.20937328e-04  4.00000000e+00  9.93196546e-01 
 5.21437328e-04  4.00000000e+00  9.93237566e-01 
 5.21937328e-04  4.00000000e+00  9.93278334e-01 
 5.22437328e-04  4.00000000e+00  9.93318853e-01 
 5.22937328e-04  4.00000000e+00  9.93359122e-01 
 5.23437328e-04  4.00000000e+00  9.93399145e-01 
 5.23937328e-04  4.00000000e+00  9.93438923e-01 
 5.24437328e-04  4.00000000e+00  9.93478456e-01 
 5.24937328e-04  4.00000000e+00  9.93517747e-01 
 5.25437328e-04  4.00000000e+00  9.93556797e-01 
 5.25937328e-04  4.00000000e+00  9.93595607e-01 
 5.26437328e-04  4.00000000e+00  9.93634179e-01 
 5.26937328e-04  4.00000000e+00  9.93672515e-01 
 5.27437328e-04  4.00000000e+00  9.93710615e-01 
 5.27937328e-04  4.00000000e+00  9.93748482e-01 
 5.28437328e-04  4.00000000e+00  9.93786116e-01 
 5.28937328e-04  4.00000000e+00  9.93823520e-01 
 5.29437328e-04  4.00000000e+00  9.93860694e-01 
 5.29937328e-04  4.00000000e+00  9.93897640e-01 
 5.30437328e-04  4.00000000e+00  9.93934360e-01 
 5.30937328e-04  4.00000000e+00  9.93970854e-01 
 5.31437328e-04  4.00000000e+00  9.94007124e-01 
 5.31937328e-04  4.00000000e+00  9.94043172e-01 
 5.32437328e-04  4.00000000e+00  9.94078999e-01 
 5.32937328e-04  4.00000000e+00  9.94114606e-01 
 5.33437328e-04  4.00000000e+00  9.94149994e-01 
 5.33937328e-04  4.00000000e+00  9.94185166e-01 
 5.34437328e-04  4.00000000e+00  9.94220122e-01 
 5.34937328e-04  4.00000000e+00  9.94254863e-01 
 5.35437328e-04  4.00000000e+00  9.94289391e-01 
 5.35937328e-04  4.00000000e+00  9.94323708e-01 
 5.36437328e-04  4.00000000e+00  9.94357814e-01 
 5.36937328e-04  4.00000000e+00  9.94391710e-01 
 5.37437328e-04  4.00000000e+00  9.94425399e-01 
 5.37937328e-04  4.00000000e+00  9.94458881e-01 
 5.38437328e-04  4.00000000e+00  9.94492158e-01 
 5.38937328e-04  4.00000000e+00  9.94525231e-01 
 5.39437328e-04  4.00000000e+00  9.94558101e-01 
 5.39937328e-04  4.00000000e+00  9.94590769e-01 
 5.40437328e-04  4.00000000e+00  9.94623236e-01 
 5.40937328e-04  4.00000000e+00  9.94655505e-01 
 5.41437328e-04  4.00000000e+00  9.94687576e-01 
 5.41937328e-04  4.00000000e+00  9.94719450e-01 
 5.42437328e-04  4.00000000e+00  9.94751128e-01 
 5.42937328e-04  4.00000000e+00  9.94782612e-01 
 5.43437328e-04  4.00000000e+00  9.94813903e-01 
 5.43937328e-04  4.00000000e+00  9.94845002e-01 
 5.44437328e-04  4.00000000e+00  9.94875910e-01 
 5.44937328e-04  4.00000000e+00  9.94906629e-01 
 5.45437328e-04  4.00000000e+00  9.94937159e-01 
 5.45937328e-04  4.00000000e+00  9.94967502e-01 
 5.46437328e-04  4.00000000e+00  9.94997659e-01 
 5.46937328e-04  4.00000000e+00  9.95027631e-01 
 5.47437328e-04  4.00000000e+00  9.95057419e-01 
 5.47937328e-04  4.00000000e+00  9.95087024e-01 
 5.48437328e-04  4.00000000e+00  9.95116448e-01 
 5.48937328e-04  4.00000000e+00  9.95145691e-01 
 5.49437328e-04  4.00000000e+00  9.95174755e-01 
 5.49937328e-04  4.00000000e+00  9.95203640e-01 
 5.50437328e-04  4.00000000e+00  9.95232349e-01 
 5.50937328e-04  4.00000000e+00  9.95260881e-01 
 5.51437328e-04  4.00000000e+00  9.95289238e-01 
 5.51937328e-04  4.00000000e+00  9.95317421e-01 
 5.52437328e-04  4.00000000e+00  9.95345432e-01 
 5.52937328e-04  4.00000000e+00  9.95373270e-01 
 5.53437328e-04  4.00000000e+00  9.95400938e-01 
 5.53937328e-04  4.00000000e+00  9.95428436e-01 
 5.54437328e-04  4.00000000e+00  9.95455765e-01 
 5.54937328e-04  4.00000000e+00  9.95482927e-01 
 5.55437328e-04  4.00000000e+00  9.95509922e-01 
 5.55937328e-04  4.00000000e+00  9.95536752e-01 
 5.56437328e-04  4.00000000e+00  9.95563417e-01 
 5.56937328e-04  4.00000000e+00  9.95589918e-01 
 5.57437328e-04  4.00000000e+00  9.95616257e-01 
 5.57937328e-04  4.00000000e+00  9.95642434e-01 
 5.58437328e-04  4.00000000e+00  9.95668451e-01 
 5.58937328e-04  4.00000000e+00  9.95694308e-01 
 5.59437328e-04  4.00000000e+00  9.95720007e-01 
 5.59937328e-04  4.00000000e+00  9.95745547e-01 
 5.60437328e-04  4.00000000e+00  9.95770932e-01 
 5.60937328e-04  4.00000000e+00  9.95796160e-01 
 5.61437328e-04  4.00000000e+00  9.95821234e-01 
 5.61937328e-04  4.00000000e+00  9.95846154e-01 
 5.62437328e-04  4.00000000e+00  9.95870921e-01 
 5.62937328e-04  4.00000000e+00  9.95895536e-01 
 5.63437328e-04  4.00000000e+00  9.95920000e-01 
 5.63937328e-04  4.00000000e+00  9.95944314e-01 
 5.64437328e-04  4.00000000e+00  9.95968479e-01 
 5.64937328e-04  4.00000000e+00  9.95992496e-01 
 5.65437328e-04  4.00000000e+00  9.96016365e-01 
 5.65937328e-04  4.00000000e+00  9.96040088e-01 
 5.66437328e-04  4.00000000e+00  9.96063666e-01 
 5.66937328e-04  4.00000000e+00  9.96087098e-01 
 5.67437328e-04  4.00000000e+00  9.96110388e-01 
 5.67937328e-04  4.00000000e+00  9.96133534e-01 
 5.68437328e-04  4.00000000e+00  9.96156538e-01 
 5.68937328e-04  4.00000000e+00  9.96179401e-01 
 5.69437328e-04  4.00000000e+00  9.96202124e-01 
 5.69937328e-04  4.00000000e+00  9.96224707e-01 
 5.70437328e-04  4.00000000e+00  9.96247152e-01 
 5.70937328e-04  4.00000000e+00  9.96269460e-01 
 5.71437328e-04  4.00000000e+00  9.96291630e-01 
 5.71937328e-04  4.00000000e+00  9.96313665e-01 
 5.72437328e-04  4.00000000e+00  9.96335564e-01 
 5.72937328e-04  4.00000000e+00  9.96357329e-01 
 5.73437328e-04  4.00000000e+00  9.96378960e-01 
 5.73937328e-04  4.00000000e+00  9.96400459e-01 
 5.74437328e-04  4.00000000e+00  9.96421826e-01 
 5.74937328e-04  4.00000000e+00  9.96443062e-01 
 5.75437328e-04  4.00000000e+00  9.96464167e-01 
 5.75937328e-04  4.00000000e+00  9.96485143e-01 
 5.76437328e-04  4.00000000e+00  9.96505991e-01 
 5.76937328e-04  4.00000000e+00  9.96526710e-01 
 5.77437328e-04  4.00000000e+00  9.96547303e-01 
 5.77937328e-04  4.00000000e+00  9.96567769e-01 
 5.78437328e-04  4.00000000e+00  9.96588110e-01 
 5.78937328e-04  4.00000000e+00  9.96608325e-01 
 5.79437328e-04  4.00000000e+00  9.96628417e-01 
 5.79937328e-04  4.00000000e+00  9.96648386e-01 
 5.80437328e-04  4.00000000e+00  9.96668232e-01 
 5.80937328e-04  4.00000000e+00  9.96687956e-01 
 5.81437328e-04  4.00000000e+00  9.96707559e-01 
 5.81937328e-04  4.00000000e+00  9.96727043e-01 
 5.82437328e-04  4.00000000e+00  9.96746406e-01 
 5.82937328e-04  4.00000000e+00  9.96765651e-01 
 5.83437328e-04  4.00000000e+00  9.96784778e-01 
 5.83937328e-04  4.00000000e+00  9.96803787e-01 
 5.84437328e-04  4.00000000e+00  9.96822680e-01 
 5.84937328e-04  4.00000000e+00  9.96841457e-01 
 5.85437328e-04  4.00000000e+00  9.96860119e-01 
 5.85937328e-04  4.00000000e+00  9.96878666e-01 
 5.86437328e-04  4.00000000e+00  9.96897099e-01 
 5.86937328e-04  4.00000000e+00  9.96915420e-01 
 5.87437328e-04  4.00000000e+00  9.96933628e-01 
 5.87937328e-04  4.00000000e+00  9.96951724e-01 
 5.88437328e-04  4.00000000e+00  9.96969710e-01 
 5.88937328e-04  4.00000000e+00  9.96987585e-01 
 5.89437328e-04  4.00000000e+00  9.97005350e-01 
 5.89937328e-04  4.00000000e+00  9.97023006e-01 
 5.90437328e-04  4.00000000e+00  9.97040554e-01 
 5.90937328e-04  4.00000000e+00  9.97057995e-01 
 5.91437328e-04  4.00000000e+00  9.97075328e-01 
 5.91937328e-04  4.00000000e+00  9.97092556e-01 
 5.92437328e-04  4.00000000e+00  9.97109677e-01 
 5.92937328e-04  4.00000000e+00  9.97126693e-01 
 5.93437328e-04  4.00000000e+00  9.97143606e-01 
 5.93937328e-04  4.00000000e+00  9.97160414e-01 
 5.94437328e-04  4.00000000e+00  9.97177119e-01 
 5.94937328e-04  4.00000000e+00  9.97193722e-01 
 5.95437328e-04  4.00000000e+00  9.97210223e-01 
 5.95937328e-04  4.00000000e+00  9.97226622e-01 
 5.96437328e-04  4.00000000e+00  9.97242922e-01 
 5.96937328e-04  4.00000000e+00  9.97259121e-01 
 5.97437328e-04  4.00000000e+00  9.97275220e-01 
 5.97937328e-04  4.00000000e+00  9.97291221e-01 
 5.98437328e-04  4.00000000e+00  9.97307124e-01 
 5.98937328e-04  4.00000000e+00  9.97322929e-01 
 5.99437328e-04  4.00000000e+00  9.97338638e-01 
 5.99937328e-04  4.00000000e+00  9.97354250e-01 
 6.00437328e-04  4.00000000e+00  9.97369766e-01 
 6.00937328e-04  4.00000000e+00  9.97385187e-01 
 6.01437328e-04  4.00000000e+00  9.97400513e-01 
 6.01937328e-04  4.00000000e+00  9.97415746e-01 
 6.02437328e-04  4.00000000e+00  9.97430885e-01 
 6.02937328e-04  4.00000000e+00  9.97445931e-01 
 6.03437328e-04  4.00000000e+00  9.97460885e-01 
 6.03937328e-04  4.00000000e+00  9.97475747e-01 
 6.04437328e-04  4.00000000e+00  9.97490518e-01 
 6.04937328e-04  4.00000000e+00  9.97505198e-01 
 6.05437328e-04  4.00000000e+00  9.97519788e-01 
 6.05937328e-04  4.00000000e+00  9.97534289e-01 
 6.06437328e-04  4.00000000e+00  9.97548701e-01 
 6.06937328e-04  4.00000000e+00  9.97563024e-01 
 6.07437328e-04  4.00000000e+00  9.97577260e-01 
 6.07937328e-04  4.00000000e+00  9.97591408e-01 
 6.08437328e-04  4.00000000e+00  9.97605470e-01 
 6.08937328e-04  4.00000000e+00  9.97619445e-01 
 6.09437328e-04  4.00000000e+00  9.97633334e-01 
 6.09937328e-04  4.00000000e+00  9.97647139e-01 
 6.10437328e-04  4.00000000e+00  9.97660858e-01 
 6.10937328e-04  4.00000000e+00  9.97674494e-01 
 6.11437328e-04  4.00000000e+00  9.97688045e-01 
 6.11937328e-04  4.00000000e+00  9.97701514e-01 
 6.12437328e-04  4.00000000e+00  9.97714900e-01 
 6.12937328e-04  4.00000000e+00  9.97728204e-01 
 6.13437328e-04  4.00000000e+00  9.97741426e-01 
 6.13937328e-04  4.00000000e+00  9.97754568e-01 
 6.14437328e-04  4.00000000e+00  9.97767628e-01 
 6.14937328e-04  4.00000000e+00  9.97780609e-01 
 6.15437328e-04  4.00000000e+00  9.97793510e-01 
 6.15937328e-04  4.00000000e+00  9.97806331e-01 
 6.16437328e-04  4.00000000e+00  9.97819074e-01 
 6.16937328e-04  4.00000000e+00  9.97831739e-01 
 6.17437328e-04  4.00000000e+00  9.97844327e-01 
 6.17937328e-04  4.00000000e+00  9.97856837e-01 
 6.18437328e-04  4.00000000e+00  9.97869270e-01 
 6.18937328e-04  4.00000000e+00  9.97881627e-01 
 6.19437328e-04  4.00000000e+00  9.97893908e-01 
 6.19937328e-04  4.00000000e+00  9.97906114e-01 
 6.20437328e-04  4.00000000e+00  9.97918245e-01 
 6.20937328e-04  4.00000000e+00  9.97930302e-01 
 6.21437328e-04  4.00000000e+00  9.97942284e-01 
 6.21937328e-04  4.00000000e+00  9.97954193e-01 
 6.22437328e-04  4.00000000e+00  9.97966029e-01 
 6.22937328e-04  4.00000000e+00  9.97977793e-01 
 6.23437328e-04  4.00000000e+00  9.97989484e-01 
 6.23937328e-04  4.00000000e+00  9.98001104e-01 
 6.24437328e-04  4.00000000e+00  9.98012652e-01 
 6.24937328e-04  4.00000000e+00  9.98024130e-01 
 6.25437328e-04  4.00000000e+00  9.98035537e-01 
 6.25937328e-04  4.00000000e+00  9.98046874e-01 
 6.26437328e-04  4.00000000e+00  9.98058141e-01 
 6.26937328e-04  4.00000000e+00  9.98069340e-01 
 6.27437328e-04  4.00000000e+00  9.98080470e-01 
 6.27937328e-04  4.00000000e+00  9.98091531e-01 
 6.28437328e-04  4.00000000e+00  9.98102525e-01 
 6.28937328e-04  4.00000000e+00  9.98113451e-01 
 6.29437328e-04  4.00000000e+00  9.98124310e-01 
 6.29937328e-04  4.00000000e+00  9.98135103e-01 
 6.30437328e-04  4.00000000e+00  9.98145829e-01 
 6.30937328e-04  4.00000000e+00  9.98156490e-01 
 6.31437328e-04  4.00000000e+00  9.98167085e-01 
 6.31937328e-04  4.00000000e+00  9.98177615e-01 
 6.32437328e-04  4.00000000e+00  9.98188081e-01 
 6.32937328e-04  4.00000000e+00  9.98198482e-01 
 6.33437328e-04  4.00000000e+00  9.98208819e-01 
 6.33937328e-04  4.00000000e+00  9.98219094e-01 
 6.34437328e-04  4.00000000e+00  9.98229305e-01 
 6.34937328e-04  4.00000000e+00  9.98239453e-01 
 6.35437328e-04  4.00000000e+00  9.98249540e-01 
 6.35937328e-04  4.00000000e+00  9.98259564e-01 
 6.36437328e-04  4.00000000e+00  9.98269527e-01 
 6.36937328e-04  4.00000000e+00  9.98279429e-01 
 6.37437328e-04  4.00000000e+00  9.98289270e-01 
 6.37937328e-04  4.00000000e+00  9.98299050e-01 
 6.38437328e-04  4.00000000e+00  9.98308771e-01 
 6.38937328e-04  4.00000000e+00  9.98318432e-01 
 6.39437328e-04  4.00000000e+00  9.98328034e-01 
 6.39937328e-04  4.00000000e+00  9.98337577e-01 
 6.40437328e-04  4.00000000e+00  9.98347061e-01 
 6.40937328e-04  4.00000000e+00  9.98356487e-01 
 6.41437328e-04  4.00000000e+00  9.98365856e-01 
 6.41937328e-04  4.00000000e+00  9.98375167e-01 
 6.42437328e-04  4.00000000e+00  9.98384420e-01 
 6.42937328e-04  4.00000000e+00  9.98393617e-01 
 6.43437328e-04  4.00000000e+00  9.98402758e-01 
 6.43937328e-04  4.00000000e+00  9.98411842e-01 
 6.44437328e-04  4.00000000e+00  9.98420871e-01 
 6.44937328e-04  4.00000000e+00  9.98429845e-01 
 6.45437328e-04  4.00000000e+00  9.98438763e-01 
 6.45937328e-04  4.00000000e+00  9.98447627e-01 
 6.46437328e-04  4.00000000e+00  9.98456436e-01 
 6.46937328e-04  4.00000000e+00  9.98465191e-01 
 6.47437328e-04  4.00000000e+00  9.98473893e-01 
 6.47937328e-04  4.00000000e+00  9.98482541e-01 
 6.48437328e-04  4.00000000e+00  9.98491136e-01 
 6.48937328e-04  4.00000000e+00  9.98499679e-01 
 6.49437328e-04  4.00000000e+00  9.98508169e-01 
 6.49937328e-04  4.00000000e+00  9.98516607e-01 
 6.50437328e-04  4.00000000e+00  9.98524993e-01 
 6.50937328e-04  4.00000000e+00  9.98533327e-01 
 6.51437328e-04  4.00000000e+00  9.98541611e-01 
 6.51937328e-04  4.00000000e+00  9.98549844e-01 
 6.52437328e-04  4.00000000e+00  9.98558026e-01 
 6.52937328e-04  4.00000000e+00  9.98566158e-01 
 6.53437328e-04  4.00000000e+00  9.98574240e-01 
 6.53937328e-04  4.00000000e+00  9.98582273e-01 
 6.54437328e-04  4.00000000e+00  9.98590256e-01 
 6.54937328e-04  4.00000000e+00  9.98598191e-01 
 6.55437328e-04  4.00000000e+00  9.98606076e-01 
 6.55937328e-04  4.00000000e+00  9.98613914e-01 
 6.56437328e-04  4.00000000e+00  9.98621703e-01 
 6.56937328e-04  4.00000000e+00  9.98629445e-01 
 6.57437328e-04  4.00000000e+00  9.98637139e-01 
 6.57937328e-04  4.00000000e+00  9.98644785e-01 
 6.58437328e-04  4.00000000e+00  9.98652385e-01 
 6.58937328e-04  4.00000000e+00  9.98659939e-01 
 6.59437328e-04  4.00000000e+00  9.98667446e-01 
 6.59937328e-04  4.00000000e+00  9.98674906e-01 
 6.60437328e-04  4.00000000e+00  9.98682322e-01 
 6.60937328e-04  4.00000000e+00  9.98689691e-01 
 6.61437328e-04  4.00000000e+00  9.98697016e-01 
 6.61937328e-04  4.00000000e+00  9.98704295e-01 
 6.62437328e-04  4.00000000e+00  9.98711530e-01 
 6.62937328e-04  4.00000000e+00  9.98718721e-01 
 6.63437328e-04  4.00000000e+00  9.98725867e-01 
 6.63937328e-04  4.00000000e+00  9.98732969e-01 
 6.64437328e-04  4.00000000e+00  9.98740028e-01 
 6.64937328e-04  4.00000000e+00  9.98747044e-01 
 6.65437328e-04  4.00000000e+00  9.98754017e-01 
 6.65937328e-04  4.00000000e+00  9.98760947e-01 
 6.66437328e-04  4.00000000e+00  9.98767834e-01 
 6.66937328e-04  4.00000000e+00  9.98774679e-01 
 6.67437328e-04  4.00000000e+00  9.98781482e-01 
 6.67937328e-04  4.00000000e+00  9.98788244e-01 
 6.68437328e-04  4.00000000e+00  9.98794963e-01 
 6.68937328e-04  4.00000000e+00  9.98801642e-01 
 6.69437328e-04  4.00000000e+00  9.98808280e-01 
 6.69937328e-04  4.00000000e+00  9.98814877e-01 
 6.70437328e-04  4.00000000e+00  9.98821433e-01 
 6.70937328e-04  4.00000000e+00  9.98827950e-01 
 6.71437328e-04  4.00000000e+00  9.98834426e-01 
 6.71937328e-04  4.00000000e+00  9.98840863e-01 
 6.72437328e-04  4.00000000e+00  9.98847260e-01 
 6.72937328e-04  4.00000000e+00  9.98853618e-01 
 6.73437328e-04  4.00000000e+00  9.98859937e-01 
 6.73937328e-04  4.00000000e+00  9.98866217e-01 
 6.74437328e-04  4.00000000e+00  9.98872458e-01 
 6.74937328e-04  4.00000000e+00  9.98878662e-01 
 6.75437328e-04  4.00000000e+00  9.98884827e-01 
 6.75937328e-04  4.00000000e+00  9.98890954e-01 
 6.76437328e-04  4.00000000e+00  9.98897044e-01 
 6.76937328e-04  4.00000000e+00  9.98903097e-01 
 6.77437328e-04  4.00000000e+00  9.98909112e-01 
 6.77937328e-04  4.00000000e+00  9.98915091e-01 
 6.78437328e-04  4.00000000e+00  9.98921033e-01 
 6.78937328e-04  4.00000000e+00  9.98926938e-01 
 6.79437328e-04  4.00000000e+00  9.98932807e-01 
 6.79937328e-04  4.00000000e+00  9.98938640e-01 
 6.80437328e-04  4.00000000e+00  9.98944438e-01 
 6.80937328e-04  4.00000000e+00  9.98950199e-01 
 6.81437328e-04  4.00000000e+00  9.98955926e-01 
 6.81937328e-04  4.00000000e+00  9.98961617e-01 
 6.82437328e-04  4.00000000e+00  9.98967274e-01 
 6.82937328e-04  4.00000000e+00  9.98972895e-01 
 6.83437328e-04  4.00000000e+00  9.98978482e-01 
 6.83937328e-04  4.00000000e+00  9.98984035e-01 
 6.84437328e-04  4.00000000e+00  9.98989554e-01 
 6.84937328e-04  4.00000000e+00  9.98995039e-01 
 6.85437328e-04  4.00000000e+00  9.99000491e-01 
 6.85937328e-04  4.00000000e+00  9.99005909e-01 
 6.86437328e-04  4.00000000e+00  9.99011293e-01 
 6.86937328e-04  4.00000000e+00  9.99016645e-01 
 6.87437328e-04  4.00000000e+00  9.99021964e-01 
 6.87937328e-04  4.00000000e+00  9.99027250e-01 
 6.88437328e-04  4.00000000e+00  9.99032504e-01 
 6.88937328e-04  4.00000000e+00  9.99037726e-01 
 6.89437328e-04  4.00000000e+00  9.99042915e-01 
 6.89937328e-04  4.00000000e+00  9.99048073e-01 
 6.90437328e-04  4.00000000e+00  9.99053199e-01 
 6.90937328e-04  4.00000000e+00  9.99058294e-01 
 6.91437328e-04  4.00000000e+00  9.99063357e-01 
 6.91937328e-04  4.00000000e+00  9.99068389e-01 
 6.92437328e-04  4.00000000e+00  9.99073391e-01 
 6.92937328e-04  4.00000000e+00  9.99078362e-01 
 6.93437328e-04  4.00000000e+00  9.99083302e-01 
 6.93937328e-04  4.00000000e+00  9.99088212e-01 
 6.94437328e-04  4.00000000e+00  9.99093092e-01 
 6.94937328e-04  4.00000000e+00  9.99097942e-01 
 6.95437328e-04  4.00000000e+00  9.99102762e-01 
 6.95937328e-04  4.00000000e+00  9.99107553e-01 
 6.96437328e-04  4.00000000e+00  9.99112314e-01 
 6.96937328e-04  4.00000000e+00  9.99117046e-01 
 6.97437328e-04  4.00000000e+00  9.99121749e-01 
 6.97937328e-04  4.00000000e+00  9.99126423e-01 
 6.98437328e-04  4.00000000e+00  9.99131068e-01 
 6.98937328e-04  4.00000000e+00  9.99135685e-01 
 6.99437328e-04  4.00000000e+00  9.99140274e-01 
 6.99937328e-04  4.00000000e+00  9.99144835e-01 
 7.00437328e-04  4.00000000e+00  9.99149367e-01 
 7.00937328e-04  4.00000000e+00  9.99153872e-01 
 7.01437328e-04  4.00000000e+00  9.99158349e-01 
 7.01937328e-04  4.00000000e+00  9.99162799e-01 
 7.02437328e-04  4.00000000e+00  9.99167221e-01 
 7.02937328e-04  4.00000000e+00  9.99171616e-01 
 7.03437328e-04  4.00000000e+00  9.99175984e-01 
 7.03937328e-04  4.00000000e+00  9.99180326e-01 
 7.04437328e-04  4.00000000e+00  9.99184641e-01 
 7.04937328e-04  4.00000000e+00  9.99188929e-01 
 7.05437328e-04  4.00000000e+00  9.99193191e-01 
 7.05937328e-04  4.00000000e+00  9.99197427e-01 
 7.06437328e-04  4.00000000e+00  9.99201637e-01 
 7.06937328e-04  4.00000000e+00  9.99205821e-01 
 7.07437328e-04  4.00000000e+00  9.99209979e-01 
 7.07937328e-04  4.00000000e+00  9.99214112e-01 
 7.08437328e-04  4.00000000e+00  9.99218220e-01 
 7.08937328e-04  4.00000000e+00  9.99222302e-01 
 7.09437328e-04  4.00000000e+00  9.99226360e-01 
 7.09937328e-04  4.00000000e+00  9.99230392e-01 
 7.10437328e-04  4.00000000e+00  9.99234400e-01 
 7.10937328e-04  4.00000000e+00  9.99238383e-01 
 7.11437328e-04  4.00000000e+00  9.99242342e-01 
 7.11937328e-04  4.00000000e+00  9.99246276e-01 
 7.12437328e-04  4.00000000e+00  9.99250186e-01 
 7.12937328e-04  4.00000000e+00  9.99254073e-01 
 7.13437328e-04  4.00000000e+00  9.99257935e-01 
 7.13937328e-04  4.00000000e+00  9.99261774e-01 
 7.14437328e-04  4.00000000e+00  9.99265589e-01 
 7.14937328e-04  4.00000000e+00  9.99269381e-01 
 7.15437328e-04  4.00000000e+00  9.99273149e-01 
 7.15937328e-04  4.00000000e+00  9.99276895e-01 
 7.16437328e-04  4.00000000e+00  9.99280617e-01 
 7.16937328e-04  4.00000000e+00  9.99284317e-01 
 7.17437328e-04  4.00000000e+00  9.99287994e-01 
 7.17937328e-04  4.00000000e+00  9.99291648e-01 
 7.18437328e-04  4.00000000e+00  9.99295280e-01 
 7.18937328e-04  4.00000000e+00  9.99298890e-01 
 7.19437328e-04  4.00000000e+00  9.99302477e-01 
 7.19937328e-04  4.00000000e+00  9.99306043e-01 
 7.20437328e-04  4.00000000e+00  9.99309587e-01 
 7.20937328e-04  4.00000000e+00  9.99313109e-01 
 7.21437328e-04  4.00000000e+00  9.99316609e-01 
 7.21937328e-04  4.00000000e+00  9.99320088e-01 
 7.22437328e-04  4.00000000e+00  9.99323545e-01 
 7.22937328e-04  4.00000000e+00  9.99326982e-01 
 7.23437328e-04  4.00000000e+00  9.99330397e-01 
 7.23937328e-04  4.00000000e+00  9.99333791e-01 
 7.24437328e-04  4.00000000e+00  9.99337165e-01 
 7.24937328e-04  4.00000000e+00  9.99340517e-01 
 7.25437328e-04  4.00000000e+00  9.99343850e-01 
 7.25937328e-04  4.00000000e+00  9.99347161e-01 
 7.26437328e-04  4.00000000e+00  9.99350453e-01 
 7.26937328e-04  4.00000000e+00  9.99353724e-01 
 7.27437328e-04  4.00000000e+00  9.99356975e-01 
 7.27937328e-04  4.00000000e+00  9.99360206e-01 
 7.28437328e-04  4.00000000e+00  9.99363418e-01 
 7.28937328e-04  4.00000000e+00  9.99366610e-01 
 7.29437328e-04  4.00000000e+00  9.99369782e-01 
 7.29937328e-04  4.00000000e+00  9.99372934e-01 
 7.30437328e-04  4.00000000e+00  9.99376068e-01 
 7.30937328e-04  4.00000000e+00  9.99379182e-01 
 7.31437328e-04  4.00000000e+00  9.99382277e-01 
 7.31937328e-04  4.00000000e+00  9.99385353e-01 
 7.32437328e-04  4.00000000e+00  9.99388410e-01 
 7.32937328e-04  4.00000000e+00  9.99391448e-01 
 7.33437328e-04  4.00000000e+00  9.99394468e-01 
 7.33937328e-04  4.00000000e+00  9.99397469e-01 
 7.34437328e-04  4.00000000e+00  9.99400452e-01 
 7.34937328e-04  4.00000000e+00  9.99403417e-01 
 7.35437328e-04  4.00000000e+00  9.99406363e-01 
 7.35937328e-04  4.00000000e+00  9.99409292e-01 
 7.36437328e-04  4.00000000e+00  9.99412202e-01 
 7.36937328e-04  4.00000000e+00  9.99415094e-01 
 7.37437328e-04  4.00000000e+00  9.99417969e-01 
 7.37937328e-04  4.00000000e+00  9.99420826e-01 
 7.38437328e-04  4.00000000e+00  9.99423666e-01 
 7.38937328e-04  4.00000000e+00  9.99426488e-01 
 7.39437328e-04  4.00000000e+00  9.99429293e-01 
 7.39937328e-04  4.00000000e+00  9.99432080e-01 
 7.40437328e-04  4.00000000e+00  9.99434851e-01 
 7.40937328e-04  4.00000000e+00  9.99437604e-01 
 7.41437328e-04  4.00000000e+00  9.99440341e-01 
 7.41937328e-04  4.00000000e+00  9.99443061e-01 
 7.42437328e-04  4.00000000e+00  9.99445764e-01 
 7.42937328e-04  4.00000000e+00  9.99448451e-01 
 7.43437328e-04  4.00000000e+00  9.99451121e-01 
 7.43937328e-04  4.00000000e+00  9.99453775e-01 
 7.44437328e-04  4.00000000e+00  9.99456412e-01 
 7.44937328e-04  4.00000000e+00  9.99459033e-01 
 7.45437328e-04  4.00000000e+00  9.99461638e-01 
 7.45937328e-04  4.00000000e+00  9.99464228e-01 
 7.46437328e-04  4.00000000e+00  9.99466801e-01 
 7.46937328e-04  4.00000000e+00  9.99469359e-01 
 7.47437328e-04  4.00000000e+00  9.99471900e-01 
 7.47937328e-04  4.00000000e+00  9.99474427e-01 
 7.48437328e-04  4.00000000e+00  9.99476938e-01 
 7.48937328e-04  4.00000000e+00  9.99479433e-01 
 7.49437328e-04  4.00000000e+00  9.99481913e-01 
 7.49937328e-04  4.00000000e+00  9.99484378e-01 
 7.50437328e-04  4.00000000e+00  9.99486828e-01 
 7.50937328e-04  4.00000000e+00  9.99489262e-01 
 7.51437328e-04  4.00000000e+00  9.99491682e-01 
 7.51937328e-04  4.00000000e+00  9.99494087e-01 
 7.52437328e-04  4.00000000e+00  9.99496477e-01 
 7.52937328e-04  4.00000000e+00  9.99498853e-01 
 7.53437328e-04  4.00000000e+00  9.99501214e-01 
 7.53937328e-04  4.00000000e+00  9.99503560e-01 
 7.54437328e-04  4.00000000e+00  9.99505892e-01 
 7.54937328e-04  4.00000000e+00  9.99508210e-01 
 7.55437328e-04  4.00000000e+00  9.99510513e-01 
 7.55937328e-04  4.00000000e+00  9.99512803e-01 
 7.56437328e-04  4.00000000e+00  9.99515078e-01 
 7.56937328e-04  4.00000000e+00  9.99517340e-01 
 7.57437328e-04  4.00000000e+00  9.99519587e-01 
 7.57937328e-04  4.00000000e+00  9.99521821e-01 
 7.58437328e-04  4.00000000e+00  9.99524041e-01 
 7.58937328e-04  4.00000000e+00  9.99526247e-01 
 7.59437328e-04  4.00000000e+00  9.99528440e-01 
 7.59937328e-04  4.00000000e+00  9.99530620e-01 
 7.60437328e-04  4.00000000e+00  9.99532786e-01 
 7.60937328e-04  4.00000000e+00  9.99534939e-01 
 7.61437328e-04  4.00000000e+00  9.99537078e-01 
 7.61937328e-04  4.00000000e+00  9.99539205e-01 
 7.62437328e-04  4.00000000e+00  9.99541318e-01 
 7.62937328e-04  4.00000000e+00  9.99543419e-01 
 7.63437328e-04  4.00000000e+00  9.99545506e-01 
 7.63937328e-04  4.00000000e+00  9.99547581e-01 
 7.64437328e-04  4.00000000e+00  9.99549643e-01 
 7.64937328e-04  4.00000000e+00  9.99551692e-01 
 7.65437328e-04  4.00000000e+00  9.99553729e-01 
 7.65937328e-04  4.00000000e+00  9.99555754e-01 
 7.66437328e-04  4.00000000e+00  9.99557765e-01 
 7.66937328e-04  4.00000000e+00  9.99559765e-01 
 7.67437328e-04  4.00000000e+00  9.99561752e-01 
 7.67937328e-04  4.00000000e+00  9.99563727e-01 
 7.68437328e-04  4.00000000e+00  9.99565690e-01 
 7.68937328e-04  4.00000000e+00  9.99567641e-01 
 7.69437328e-04  4.00000000e+00  9.99569580e-01 
 7.69937328e-04  4.00000000e+00  9.99571507e-01 
 7.70437328e-04  4.00000000e+00  9.99573423e-01 
 7.70937328e-04  4.00000000e+00  9.99575326e-01 
 7.71437328e-04  4.00000000e+00  9.99577218e-01 
 7.71937328e-04  4.00000000e+00  9.99579098e-01 
 7.72437328e-04  4.00000000e+00  9.99580967e-01 
 7.72937328e-04  4.00000000e+00  9.99582824e-01 
 7.73437328e-04  4.00000000e+00  9.99584670e-01 
 7.73937328e-04  4.00000000e+00  9.99586505e-01 
 7.74437328e-04  4.00000000e+00  9.99588328e-01 
 7.74937328e-04  4.00000000e+00  9.99590140e-01 
 7.75437328e-04  4.00000000e+00  9.99591941e-01 
 7.75937328e-04  4.00000000e+00  9.99593731e-01 
 7.76437328e-04  4.00000000e+00  9.99595510e-01 
 7.76937328e-04  4.00000000e+00  9.99597278e-01 
 7.77437328e-04  4.00000000e+00  9.99599035e-01 
 7.77937328e-04  4.00000000e+00  9.99600782e-01 
 7.78437328e-04  4.00000000e+00  9.99602517e-01 
 7.78937328e-04  4.00000000e+00  9.99604242e-01 
 7.79437328e-04  4.00000000e+00  9.99605957e-01 
 7.79937328e-04  4.00000000e+00  9.99607661e-01 
 7.80437328e-04  4.00000000e+00  9.99609354e-01 
 7.80937328e-04  4.00000000e+00  9.99611037e-01 
 7.81437328e-04  4.00000000e+00  9.99612710e-01 
 7.81937328e-04  4.00000000e+00  9.99614373e-01 
 7.82437328e-04  4.00000000e+00  9.99616025e-01 
 7.82937328e-04  4.00000000e+00  9.99617667e-01 
 7.83437328e-04  4.00000000e+00  9.99619299e-01 
 7.83937328e-04  4.00000000e+00  9.99620921e-01 
 7.84437328e-04  4.00000000e+00  9.99622534e-01 
 7.84937328e-04  4.00000000e+00  9.99624136e-01 
 7.85437328e-04  4.00000000e+00  9.99625728e-01 
 7.85937328e-04  4.00000000e+00  9.99627311e-01 
 7.86437328e-04  4.00000000e+00  9.99628884e-01 
 7.86937328e-04  4.00000000e+00  9.99630447e-01 
 7.87437328e-04  4.00000000e+00  9.99632001e-01 
 7.87937328e-04  4.00000000e+00  9.99633545e-01 
 7.88437328e-04  4.00000000e+00  9.99635080e-01 
 7.88937328e-04  4.00000000e+00  9.99636605e-01 
 7.89437328e-04  4.00000000e+00  9.99638121e-01 
 7.89937328e-04  4.00000000e+00  9.99639628e-01 
 7.90437328e-04  4.00000000e+00  9.99641125e-01 
 7.90937328e-04  4.00000000e+00  9.99642613e-01 
 7.91437328e-04  4.00000000e+00  9.99644093e-01 
 7.91937328e-04  4.00000000e+00  9.99645563e-01 
 7.92437328e-04  4.00000000e+00  9.99647024e-01 
 7.92937328e-04  4.00000000e+00  9.99648476e-01 
 7.93437328e-04  4.00000000e+00  9.99649919e-01 
 7.93937328e-04  4.00000000e+00  9.99651353e-01 
 7.94437328e-04  4.00000000e+00  9.99652779e-01 
 7.94937328e-04  4.00000000e+00  9.99654195e-01 
 7.95437328e-04  4.00000000e+00  9.99655603e-01 
 7.95937328e-04  4.00000000e+00  9.99657003e-01 
 7.96437328e-04  4.00000000e+00  9.99658394e-01 
 7.96937328e-04  4.00000000e+00  9.99659776e-01 
 7.97437328e-04  4.00000000e+00  9.99661150e-01 
 7.97937328e-04  4.00000000e+00  9.99662515e-01 
 7.98437328e-04  4.00000000e+00  9.99663872e-01 
 7.98937328e-04  4.00000000e+00  9.99665221e-01 
 7.99437328e-04  4.00000000e+00  9.99666561e-01 
 7.99937328e-04  4.00000000e+00  9.99667893e-01 
 8.00437328e-04  4.00000000e+00  9.99669217e-01 
 8.00937328e-04  4.00000000e+00  9.99670533e-01 
 8.01437328e-04  4.00000000e+00  9.99671841e-01 
 8.01937328e-04  4.00000000e+00  9.99673141e-01 
 8.02437328e-04  4.00000000e+00  9.99674433e-01 
 8.02937328e-04  4.00000000e+00  9.99675717e-01 
 8.03437328e-04  4.00000000e+00  9.99676993e-01 
 8.03937328e-04  4.00000000e+00  9.99678261e-01 
 8.04437328e-04  4.00000000e+00  9.99679521e-01 
 8.04937328e-04  4.00000000e+00  9.99680774e-01 
 8.05437328e-04  4.00000000e+00  9.99682019e-01 
 8.05937328e-04  4.00000000e+00  9.99683257e-01 
 8.06437328e-04  4.00000000e+00  9.99684486e-01 
 8.06937328e-04  4.00000000e+00  9.99685709e-01 
 8.07437328e-04  4.00000000e+00  9.99686923e-01 
 8.07937328e-04  4.00000000e+00  9.99688131e-01 
 8.08437328e-04  4.00000000e+00  9.99689331e-01 
 8.08937328e-04  4.00000000e+00  9.99690523e-01 
 8.09437328e-04  4.00000000e+00  9.99691708e-01 
 8.09937328e-04  4.00000000e+00  9.99692886e-01 
 8.10437328e-04  4.00000000e+00  9.99694057e-01 
 8.10937328e-04  4.00000000e+00  9.99695220e-01 
 8.11437328e-04  4.00000000e+00  9.99696377e-01 
 8.11937328e-04  4.00000000e+00  9.99697526e-01 
 8.12437328e-04  4.00000000e+00  9.99698668e-01 
 8.12937328e-04  4.00000000e+00  9.99699804e-01 
 8.13437328e-04  4.00000000e+00  9.99700932e-01 
 8.13937328e-04  4.00000000e+00  9.99702053e-01 
 8.14437328e-04  4.00000000e+00  9.99703168e-01 
 8.14937328e-04  4.00000000e+00  9.99704275e-01 
 8.15437328e-04  4.00000000e+00  9.99705376e-01 
 8.15937328e-04  4.00000000e+00  9.99706470e-01 
 8.16437328e-04  4.00000000e+00  9.99707558e-01 
 8.16937328e-04  4.00000000e+00  9.99708639e-01 
 8.17437328e-04  4.00000000e+00  9.99709713e-01 
 8.17937328e-04  4.00000000e+00  9.99710780e-01 
 8.18437328e-04  4.00000000e+00  9.99711841e-01 
 8.18937328e-04  4.00000000e+00  9.99712896e-01 
 8.19437328e-04  4.00000000e+00  9.99713944e-01 
 8.19937328e-04  4.00000000e+00  9.99714985e-01 
 8.20437328e-04  4.00000000e+00  9.99716020e-01 
 8.20937328e-04  4.00000000e+00  9.99717049e-01 
 8.21437328e-04  4.00000000e+00  9.99718072e-01 
 8.21937328e-04  4.00000000e+00  9.99719088e-01 
 8.22437328e-04  4.00000000e+00  9.99720098e-01 
 8.22937328e-04  4.00000000e+00  9.99721102e-01 
 8.23437328e-04  4.00000000e+00  9.99722099e-01 
 8.23937328e-04  4.00000000e+00  9.99723091e-01 
 8.24437328e-04  4.00000000e+00  9.99724076e-01 
 8.24937328e-04  4.00000000e+00  9.99725056e-01 
 8.25437328e-04  4.00000000e+00  9.99726029e-01 
 8.25937328e-04  4.00000000e+00  9.99726996e-01 
 8.26437328e-04  4.00000000e+00  9.99727958e-01 
 8.26937328e-04  4.00000000e+00  9.99728913e-01 
 8.27437328e-04  4.00000000e+00  9.99729863e-01 
 8.27937328e-04  4.00000000e+00  9.99730807e-01 
 8.28437328e-04  4.00000000e+00  9.99731745e-01 
 8.28937328e-04  4.00000000e+00  9.99732678e-01 
 8.29437328e-04  4.00000000e+00  9.99733604e-01 
 8.29937328e-04  4.00000000e+00  9.99734525e-01 
 8.30437328e-04  4.00000000e+00  9.99735440e-01 
 8.30937328e-04  4.00000000e+00  9.99736350e-01 
 8.31437328e-04  4.00000000e+00  9.99737254e-01 
 8.31937328e-04  4.00000000e+00  9.99738153e-01 
 8.32437328e-04  4.00000000e+00  9.99739046e-01 
 8.32937328e-04  4.00000000e+00  9.99739933e-01 
 8.33437328e-04  4.00000000e+00  9.99740815e-01 
 8.33937328e-04  4.00000000e+00  9.99741692e-01 
 8.34437328e-04  4.00000000e+00  9.99742564e-01 
 8.34937328e-04  4.00000000e+00  9.99743430e-01 
 8.35437328e-04  4.00000000e+00  9.99744290e-01 
 8.35937328e-04  4.00000000e+00  9.99745146e-01 
 8.36437328e-04  4.00000000e+00  9.99745996e-01 
 8.36937328e-04  4.00000000e+00  9.99746841e-01 
 8.37437328e-04  4.00000000e+00  9.99747680e-01 
 8.37937328e-04  4.00000000e+00  9.99748515e-01 
 8.38437328e-04  4.00000000e+00  9.99749345e-01 
 8.38937328e-04  4.00000000e+00  9.99750169e-01 
 8.39437328e-04  4.00000000e+00  9.99750988e-01 
 8.39937328e-04  4.00000000e+00  9.99751803e-01 
 8.40437328e-04  4.00000000e+00  9.99752612e-01 
 8.40937328e-04  4.00000000e+00  9.99753416e-01 
 8.41437328e-04  4.00000000e+00  9.99754216e-01 
 8.41937328e-04  4.00000000e+00  9.99755010e-01 
 8.42437328e-04  4.00000000e+00  9.99755800e-01 
 8.42937328e-04  4.00000000e+00  9.99756585e-01 
 8.43437328e-04  4.00000000e+00  9.99757365e-01 
 8.43937328e-04  4.00000000e+00  9.99758140e-01 
 8.44437328e-04  4.00000000e+00  9.99758910e-01 
 8.44937328e-04  4.00000000e+00  9.99759676e-01 
 8.45437328e-04  4.00000000e+00  9.99760437e-01 
 8.45937328e-04  4.00000000e+00  9.99761193e-01 
 8.46437328e-04  4.00000000e+00  9.99761945e-01 
 8.46937328e-04  4.00000000e+00  9.99762692e-01 
 8.47437328e-04  4.00000000e+00  9.99763435e-01 
 8.47937328e-04  4.00000000e+00  9.99764173e-01 
 8.48437328e-04  4.00000000e+00  9.99764906e-01 
 8.48937328e-04  4.00000000e+00  9.99765635e-01 
 8.49437328e-04  4.00000000e+00  9.99766360e-01 
 8.49937328e-04  4.00000000e+00  9.99767080e-01 
 8.50437328e-04  4.00000000e+00  9.99767795e-01 
 8.50937328e-04  4.00000000e+00  9.99768506e-01 
 8.51437328e-04  4.00000000e+00  9.99769213e-01 
 8.51937328e-04  4.00000000e+00  9.99769916e-01 
 8.52437328e-04  4.00000000e+00  9.99770614e-01 
 8.52937328e-04  4.00000000e+00  9.99771308e-01 
 8.53437328e-04  4.00000000e+00  9.99771998e-01 
 8.53937328e-04  4.00000000e+00  9.99772683e-01 
 8.54437328e-04  4.00000000e+00  9.99773364e-01 
 8.54937328e-04  4.00000000e+00  9.99774041e-01 
 8.55437328e-04  4.00000000e+00  9.99774714e-01 
 8.55937328e-04  4.00000000e+00  9.99775383e-01 
 8.56437328e-04  4.00000000e+00  9.99776048e-01 
 8.56937328e-04  4.00000000e+00  9.99776708e-01 
 8.57437328e-04  4.00000000e+00  9.99777365e-01 
 8.57937328e-04  4.00000000e+00  9.99778017e-01 
 8.58437328e-04  4.00000000e+00  9.99778666e-01 
 8.58937328e-04  4.00000000e+00  9.99779310e-01 
 8.59437328e-04  4.00000000e+00  9.99779951e-01 
 8.59937328e-04  4.00000000e+00  9.99780588e-01 
 8.60437328e-04  4.00000000e+00  9.99781220e-01 
 8.60937328e-04  4.00000000e+00  9.99781849e-01 
 8.61437328e-04  4.00000000e+00  9.99782474e-01 
 8.61937328e-04  4.00000000e+00  9.99783095e-01 
 8.62437328e-04  4.00000000e+00  9.99783713e-01 
 8.62937328e-04  4.00000000e+00  9.99784326e-01 
 8.63437328e-04  4.00000000e+00  9.99784936e-01 
 8.63937328e-04  4.00000000e+00  9.99785542e-01 
 8.64437328e-04  4.00000000e+00  9.99786145e-01 
 8.64937328e-04  4.00000000e+00  9.99786743e-01 
 8.65437328e-04  4.00000000e+00  9.99787338e-01 
 8.65937328e-04  4.00000000e+00  9.99787930e-01 
 8.66437328e-04  4.00000000e+00  9.99788517e-01 
 8.66937328e-04  4.00000000e+00  9.99789101e-01 
 8.67437328e-04  4.00000000e+00  9.99789682e-01 
 8.67937328e-04  4.00000000e+00  9.99790259e-01 
 8.68437328e-04  4.00000000e+00  9.99790832e-01 
 8.68937328e-04  4.00000000e+00  9.99791402e-01 
 8.69437328e-04  4.00000000e+00  9.99791969e-01 
 8.69937328e-04  4.00000000e+00  9.99792532e-01 
 8.70437328e-04  4.00000000e+00  9.99793091e-01 
 8.70937328e-04  4.00000000e+00  9.99793647e-01 
 8.71437328e-04  4.00000000e+00  9.99794200e-01 
 8.71937328e-04  4.00000000e+00  9.99794749e-01 
 8.72437328e-04  4.00000000e+00  9.99795295e-01 
 8.72937328e-04  4.00000000e+00  9.99795837e-01 
 8.73437328e-04  4.00000000e+00  9.99796377e-01 
 8.73937328e-04  4.00000000e+00  9.99796912e-01 
 8.74437328e-04  4.00000000e+00  9.99797445e-01 
 8.74937328e-04  4.00000000e+00  9.99797974e-01 
 8.75437328e-04  4.00000000e+00  9.99798500e-01 
 8.75937328e-04  4.00000000e+00  9.99799023e-01 
 8.76437328e-04  4.00000000e+00  9.99799543e-01 
 8.76937328e-04  4.00000000e+00  9.99800060e-01 
 8.77437328e-04  4.00000000e+00  9.99800573e-01 
 8.77937328e-04  4.00000000e+00  9.99801083e-01 
 8.78437328e-04  4.00000000e+00  9.99801590e-01 
 8.78937328e-04  4.00000000e+00  9.99802094e-01 
 8.79437328e-04  4.00000000e+00  9.99802595e-01 
 8.79937328e-04  4.00000000e+00  9.99803092e-01 
 8.80437328e-04  4.00000000e+00  9.99803587e-01 
 8.80937328e-04  4.00000000e+00  9.99804079e-01 
 8.81437328e-04  4.00000000e+00  9.99804567e-01 
 8.81937328e-04  4.00000000e+00  9.99805053e-01 
 8.82437328e-04  4.00000000e+00  9.99805536e-01 
 8.82937328e-04  4.00000000e+00  9.99806016e-01 
 8.83437328e-04  4.00000000e+00  9.99806492e-01 
 8.83937328e-04  4.00000000e+00  9.99806966e-01 
 8.84437328e-04  4.00000000e+00  9.99807437e-01 
 8.84937328e-04  4.00000000e+00  9.99807905e-01 
 8.85437328e-04  4.00000000e+00  9.99808370e-01 
 8.85937328e-04  4.00000000e+00  9.99808833e-01 
 8.86437328e-04  4.00000000e+00  9.99809292e-01 
 8.86937328e-04  4.00000000e+00  9.99809749e-01 
 8.87437328e-04  4.00000000e+00  9.99810203e-01 
 8.87937328e-04  4.00000000e+00  9.99810654e-01 
 8.88437328e-04  4.00000000e+00  9.99811102e-01 
 8.88937328e-04  4.00000000e+00  9.99811548e-01 
 8.89437328e-04  4.00000000e+00  9.99811990e-01 
 8.89937328e-04  4.00000000e+00  9.99812431e-01 
 8.90437328e-04  4.00000000e+00  9.99812868e-01 
 8.90937328e-04  4.00000000e+00  9.99813303e-01 
 8.91437328e-04  4.00000000e+00  9.99813735e-01 
 8.91937328e-04  4.00000000e+00  9.99814164e-01 
 8.92437328e-04  4.00000000e+00  9.99814591e-01 
 8.92937328e-04  4.00000000e+00  9.99815015e-01 
 8.93437328e-04  4.00000000e+00  9.99815437e-01 
 8.93937328e-04  4.00000000e+00  9.99815856e-01 
 8.94437328e-04  4.00000000e+00  9.99816272e-01 
 8.94937328e-04  4.00000000e+00  9.99816686e-01 
 8.95437328e-04  4.00000000e+00  9.99817097e-01 
 8.95937328e-04  4.00000000e+00  9.99817506e-01 
 8.96437328e-04  4.00000000e+00  9.99817912e-01 
 8.96937328e-04  4.00000000e+00  9.99818316e-01 
 8.97437328e-04  4.00000000e+00  9.99818717e-01 
 8.97937328e-04  4.00000000e+00  9.99819116e-01 
 8.98437328e-04  4.00000000e+00  9.99819513e-01 
 8.98937328e-04  4.00000000e+00  9.99819907e-01 
 8.99437328e-04  4.00000000e+00  9.99820298e-01 
 8.99937328e-04  4.00000000e+00  9.99820687e-01 
 9.00437328e-04  4.00000000e+00  9.99821074e-01 
 9.00937328e-04  4.00000000e+00  9.99821459e-01 
 9.01437328e-04  4.00000000e+00  9.99821841e-01 
 9.01937328e-04  4.00000000e+00  9.99822220e-01 
 9.02437328e-04  4.00000000e+00  9.99822598e-01 
 9.02937328e-04  4.00000000e+00  9.99822973e-01 
 9.03437328e-04  4.00000000e+00  9.99823346e-01 
 9.03937328e-04  4.00000000e+00  9.99823716e-01 
 9.04437328e-04  4.00000000e+00  9.99824084e-01 
 9.04937328e-04  4.00000000e+00  9.99824450e-01 
 9.05437328e-04  4.00000000e+00  9.99824814e-01 
 9.05937328e-04  4.00000000e+00  9.99825175e-01 
 9.06437328e-04  4.00000000e+00  9.99825534e-01 
 9.06937328e-04  4.00000000e+00  9.99825892e-01 
 9.07437328e-04  4.00000000e+00  9.99826246e-01 
 9.07937328e-04  4.00000000e+00  9.99826599e-01 
 9.08437328e-04  4.00000000e+00  9.99826950e-01 
 9.08937328e-04  4.00000000e+00  9.99827298e-01 
 9.09437328e-04  4.00000000e+00  9.99827644e-01 
 9.09937328e-04  4.00000000e+00  9.99827988e-01 
 9.10437328e-04  4.00000000e+00  9.99828330e-01 
 9.10937328e-04  4.00000000e+00  9.99828670e-01 
 9.11437328e-04  4.00000000e+00  9.99829008e-01 
 9.11937328e-04  4.00000000e+00  9.99829344e-01 
 9.12437328e-04  4.00000000e+00  9.99829677e-01 
 9.12937328e-04  4.00000000e+00  9.99830009e-01 
 9.13437328e-04  4.00000000e+00  9.99830339e-01 
 9.13937328e-04  4.00000000e+00  9.99830666e-01 
 9.14437328e-04  4.00000000e+00  9.99830992e-01 
 9.14937328e-04  4.00000000e+00  9.99831315e-01 
 9.15437328e-04  4.00000000e+00  9.99831637e-01 
 9.15937328e-04  4.00000000e+00  9.99831956e-01 
 9.16437328e-04  4.00000000e+00  9.99832274e-01 
 9.16937328e-04  4.00000000e+00  9.99832590e-01 
 9.17437328e-04  4.00000000e+00  9.99832904e-01 
 9.17937328e-04  4.00000000e+00  9.99833215e-01 
 9.18437328e-04  4.00000000e+00  9.99833525e-01 
 9.18937328e-04  4.00000000e+00  9.99833833e-01 
 9.19437328e-04  4.00000000e+00  9.99834139e-01 
 9.19937328e-04  4.00000000e+00  9.99834444e-01 
 9.20437328e-04  4.00000000e+00  9.99834746e-01 
 9.20937328e-04  4.00000000e+00  9.99835047e-01 
 9.21437328e-04  4.00000000e+00  9.99835345e-01 
 9.21937328e-04  4.00000000e+00  9.99835642e-01 
 9.22437328e-04  4.00000000e+00  9.99835937e-01 
 9.22937328e-04  4.00000000e+00  9.99836230e-01 
 9.23437328e-04  4.00000000e+00  9.99836522e-01 
 9.23937328e-04  4.00000000e+00  9.99836811e-01 
 9.24437328e-04  4.00000000e+00  9.99837099e-01 
 9.24937328e-04  4.00000000e+00  9.99837385e-01 
 9.25437328e-04  4.00000000e+00  9.99837670e-01 
 9.25937328e-04  4.00000000e+00  9.99837952e-01 
 9.26437328e-04  4.00000000e+00  9.99838233e-01 
 9.26937328e-04  4.00000000e+00  9.99838512e-01 
 9.27437328e-04  4.00000000e+00  9.99838790e-01 
 9.27937328e-04  4.00000000e+00  9.99839066e-01 
 9.28437328e-04  4.00000000e+00  9.99839340e-01 
 9.28937328e-04  4.00000000e+00  9.99839612e-01 
 9.29437328e-04  4.00000000e+00  9.99839883e-01 
 9.29937328e-04  4.00000000e+00  9.99840152e-01 
 9.30437328e-04  4.00000000e+00  9.99840419e-01 
 9.30937328e-04  4.00000000e+00  9.99840685e-01 
 9.31437328e-04  4.00000000e+00  9.99840949e-01 
 9.31937328e-04  4.00000000e+00  9.99841211e-01 
 9.32437328e-04  4.00000000e+00  9.99841472e-01 
 9.32937328e-04  4.00000000e+00  9.99841731e-01 
 9.33437328e-04  4.00000000e+00  9.99841989e-01 
 9.33937328e-04  4.00000000e+00  9.99842245e-01 
 9.34437328e-04  4.00000000e+00  9.99842500e-01 
 9.34937328e-04  4.00000000e+00  9.99842753e-01 
 9.35437328e-04  4.00000000e+00  9.99843004e-01 
 9.35937328e-04  4.00000000e+00  9.99843254e-01 
 9.36437328e-04  4.00000000e+00  9.99843502e-01 
 9.36937328e-04  4.00000000e+00  9.99843749e-01 
 9.37437328e-04  4.00000000e+00  9.99843995e-01 
 9.37937328e-04  4.00000000e+00  9.99844238e-01 
 9.38437328e-04  4.00000000e+00  9.99844481e-01 
 9.38937328e-04  4.00000000e+00  9.99844721e-01 
 9.39437328e-04  4.00000000e+00  9.99844961e-01 
 9.39937328e-04  4.00000000e+00  9.99845199e-01 
 9.40437328e-04  4.00000000e+00  9.99845435e-01 
 9.40937328e-04  4.00000000e+00  9.99845670e-01 
 9.41437328e-04  4.00000000e+00  9.99845904e-01 
 9.41937328e-04  4.00000000e+00  9.99846136e-01 
 9.42437328e-04  4.00000000e+00  9.99846366e-01 
 9.42937328e-04  4.00000000e+00  9.99846596e-01 
 9.43437328e-04  4.00000000e+00  9.99846823e-01 
 9.43937328e-04  4.00000000e+00  9.99847050e-01 
 9.44437328e-04  4.00000000e+00  9.99847275e-01 
 9.44937328e-04  4.00000000e+00  9.99847499e-01 
 9.45437328e-04  4.00000000e+00  9.99847721e-01 
 9.45937328e-04  4.00000000e+00  9.99847942e-01 
 9.46437328e-04  4.00000000e+00  9.99848161e-01 
 9.46937328e-04  4.00000000e+00  9.99848380e-01 
 9.47437328e-04  4.00000000e+00  9.99848597e-01 
 9.47937328e-04  4.00000000e+00  9.99848812e-01 
 9.48437328e-04  4.00000000e+00  9.99849026e-01 
 9.48937328e-04  4.00000000e+00  9.99849239e-01 
 9.49437328e-04  4.00000000e+00  9.99849451e-01 
 9.49937328e-04  4.00000000e+00  9.99849661e-01 
 9.50437328e-04  4.00000000e+00  9.99849870e-01 
 9.50937328e-04  4.00000000e+00  9.99850078e-01 
 9.51437328e-04  4.00000000e+00  9.99850285e-01 
 9.51937328e-04  4.00000000e+00  9.99850490e-01 
 9.52437328e-04  4.00000000e+00  9.99850694e-01 
 9.52937328e-04  4.00000000e+00  9.99850896e-01 
 9.53437328e-04  4.00000000e+00  9.99851098e-01 
 9.53937328e-04  4.00000000e+00  9.99851298e-01 
 9.54437328e-04  4.00000000e+00  9.99851497e-01 
 9.54937328e-04  4.00000000e+00  9.99851695e-01 
 9.55437328e-04  4.00000000e+00  9.99851892e-01 
 9.55937328e-04  4.00000000e+00  9.99852087e-01 
 9.56437328e-04  4.00000000e+00  9.99852281e-01 
 9.56937328e-04  4.00000000e+00  9.99852474e-01 
 9.57437328e-04  4.00000000e+00  9.99852666e-01 
 9.57937328e-04  4.00000000e+00  9.99852856e-01 
 9.58437328e-04  4.00000000e+00  9.99853046e-01 
 9.58937328e-04  4.00000000e+00  9.99853234e-01 
 9.59437328e-04  4.00000000e+00  9.99853421e-01 
 9.59937328e-04  4.00000000e+00  9.99853607e-01 
 9.60437328e-04  4.00000000e+00  9.99853792e-01 
 9.60937328e-04  4.00000000e+00  9.99853976e-01 
 9.61437328e-04  4.00000000e+00  9.99854158e-01 
 9.61937328e-04  4.00000000e+00  9.99854340e-01 
 9.62437328e-04  4.00000000e+00  9.99854520e-01 
 9.62937328e-04  4.00000000e+00  9.99854699e-01 
 9.63437328e-04  4.00000000e+00  9.99854878e-01 
 9.63937328e-04  4.00000000e+00  9.99855055e-01 
 9.64437328e-04  4.00000000e+00  9.99855231e-01 
 9.64937328e-04  4.00000000e+00  9.99855405e-01 
 9.65437328e-04  4.00000000e+00  9.99855579e-01 
 9.65937328e-04  4.00000000e+00  9.99855752e-01 
 9.66437328e-04  4.00000000e+00  9.99855924e-01 
 9.66937328e-04  4.00000000e+00  9.99856094e-01 
 9.67437328e-04  4.00000000e+00  9.99856264e-01 
 9.67937328e-04  4.00000000e+00  9.99856432e-01 
 9.68437328e-04  4.00000000e+00  9.99856600e-01 
 9.68937328e-04  4.00000000e+00  9.99856766e-01 
 9.69437328e-04  4.00000000e+00  9.99856932e-01 
 9.69937328e-04  4.00000000e+00  9.99857096e-01 
 9.70437328e-04  4.00000000e+00  9.99857260e-01 
 9.70937328e-04  4.00000000e+00  9.99857422e-01 
 9.71437328e-04  4.00000000e+00  9.99857584e-01 
 9.71937328e-04  4.00000000e+00  9.99857744e-01 
 9.72437328e-04  4.00000000e+00  9.99857903e-01 
 9.72937328e-04  4.00000000e+00  9.99858062e-01 
 9.73437328e-04  4.00000000e+00  9.99858219e-01 
 9.73937328e-04  4.00000000e+00  9.99858376e-01 
 9.74437328e-04  4.00000000e+00  9.99858532e-01 
 9.74937328e-04  4.00000000e+00  9.99858686e-01 
 9.75437328e-04  4.00000000e+00  9.99858840e-01 
 9.75937328e-04  4.00000000e+00  9.99858993e-01 
 9.76437328e-04  4.00000000e+00  9.99859144e-01 
 9.76937328e-04  4.00000000e+00  9.99859295e-01 
 9.77437328e-04  4.00000000e+00  9.99859445e-01 
 9.77937328e-04  4.00000000e+00  9.99859594e-01 
 9.78437328e-04  4.00000000e+00  9.99859742e-01 
 9.78937328e-04  4.00000000e+00  9.99859890e-01 
 9.79437328e-04  4.00000000e+00  9.99860036e-01 
 9.79937328e-04  4.00000000e+00  9.99860181e-01 
 9.80437328e-04  4.00000000e+00  9.99860326e-01 
 9.80937328e-04  4.00000000e+00  9.99860469e-01 
 9.81437328e-04  4.00000000e+00  9.99860612e-01 
 9.81937328e-04  4.00000000e+00  9.99860754e-01 
 9.82437328e-04  4.00000000e+00  9.99860895e-01 
 9.82937328e-04  4.00000000e+00  9.99861035e-01 
 9.83437328e-04  4.00000000e+00  9.99861174e-01 
 9.83937328e-04  4.00000000e+00  9.99861313e-01 
 9.84437328e-04  4.00000000e+00  9.99861450e-01 
 9.84937328e-04  4.00000000e+00  9.99861587e-01 
 9.85437328e-04  4.00000000e+00  9.99861723e-01 
 9.85937328e-04  4.00000000e+00  9.99861858e-01 
 9.86437328e-04  4.00000000e+00  9.99861992e-01 
 9.86937328e-04  4.00000000e+00  9.99862126e-01 
 9.87437328e-04  4.00000000e+00  9.99862258e-01 
 9.87937328e-04  4.00000000e+00  9.99862390e-01 
 9.88437328e-04  4.00000000e+00  9.99862521e-01 
 9.88937328e-04  4.00000000e+00  9.99862651e-01 
 9.89437328e-04  4.00000000e+00  9.99862781e-01 
 9.89937328e-04  4.00000000e+00  9.99862909e-01 
 9.90437328e-04  4.00000000e+00  9.99863037e-01 
 9.90937328e-04  4.00000000e+00  9.99863164e-01 
 9.91437328e-04  4.00000000e+00  9.99863290e-01 
 9.91937328e-04  4.00000000e+00  9.99863416e-01 
 9.92437328e-04  4.00000000e+00  9.99863540e-01 
 9.92937328e-04  4.00000000e+00  9.99863664e-01 
 9.93437328e-04  4.00000000e+00  9.99863787e-01 
 9.93937328e-04  4.00000000e+00  9.99863910e-01 
 9.94437328e-04  4.00000000e+00  9.99864031e-01 
 9.94937328e-04  4.00000000e+00  9.99864152e-01 
 9.95437328e-04  4.00000000e+00  9.99864272e-01 
 9.95937328e-04  4.00000000e+00  9.99864392e-01 
 9.96437328e-04  4.00000000e+00  9.99864510e-01 
 9.96937328e-04  4.00000000e+00  9.99864628e-01 
 9.97437328e-04  4.00000000e+00  9.99864746e-01 
 9.97937328e-04  4.00000000e+00  9.99864862e-01 
 9.98437328e-04  4.00000000e+00  9.99864978e-01 
 9.98937328e-04  4.00000000e+00  9.99865093e-01 
 9.99437328e-04  4.00000000e+00  9.99865207e-01 
 9.99937328e-04  4.00000000e+00  9.99865321e-01 
 1.00000000e-03  4.00000000e+00  9.99865335e-01 
